0.011513329359952609 -0.018837320802458136 0.9998908524090871
0.013971233011174715 -0.019531218524081597 0.9998891815318592
0.01448155293152645 -0.02122008435659799 0.9998886282660571
0.01277318094828775 -0.019210343119819673 0.9998886268309797
0.015015442962472434 -0.018932463977877186 0.999887436964669
0.01332908300620723 -0.021354984510653267 0.9998876319162857
0.015833526355788018 -0.020930611894891718 0.9998868675096028
0.015890468828867108 -0.01863263773673717 0.9998891815202225
0.015529770079377113 -0.016927684861510743 0.999889923070253
0.016967524447773327 -0.01966863456458065 0.999889410998566
0.017125176662493725 -0.018438470918861898 0.9998877239963099
0.018185313200494928 -0.019258329772273028 0.9998876500324732
0.019386427397507535 -0.018909652815192697 0.9998889723761926
0.018852591093750433 -0.019367779956036068 0.9998905107919236
0.013857961876463501 -0.01941413248441943 0.9998883665223199
0.017904297458004582 -0.020175195981324327 0.9998882416701808
0.01846079777390665 -0.022272394590711127 0.9998866886183666
0.01679906793559926 -0.019773347599282624 0.9998873145309788
0.015041113410636853 -0.019150599972714826 0.9998890012813462
0.018824015494825163 -0.0179059154400831 0.9998922028117356
0.017527022257228724 -0.017312953911317663 0.9998907289670645
0.014923631308761433 -0.020141937554340947 0.9998897181254652
0.01712126370977683 -0.016979506924628344 0.9998900806341886
0.017929660356323693 -0.01747309583611545 0.9998900695479072
0.020098908647424345 -0.019830902499058403 0.9998881421018077
0.0229087363226621 -0.016060633402539572 0.9998902393625902
0.015472488978848889 -0.020851532641177027 0.999889531545729
0.01527446148668426 -0.019857577322974274 0.9998885863658631
0.012939205625732217 -0.0156474150842605 0.9998902064002534
0.01479171885444131 -0.014177216887127883 0.9998890144269397
0.017688246744164676 -0.013549000179290845 0.9998905558729133
0.019851117090809844 -0.017281317639862032 0.9998898715020983
0.014105446542153273 -0.018912011250585347 0.9998888555416345
0.018067052473757863 -0.01516497270970502 0.9998894682483649
0.016353587056605962 -0.014857810341620472 0.9998925103201316
0.04230184752811846 -0.01848870472013931 0.9998840361860142
0.08645395583154591 -0.0134592502029885 0.9998969759619789
0.13654407054304554 -0.019592543698208037 0.9999073651988751
0.1821972460253201 -0.01767971695438647 0.9999115739019584
0.23977856710358253 -0.017960309649363654 0.9999281804400318
0.2993337061233699 -0.022485976341305402 0.9999338208190336
0.3468786801566453 -0.0277814805639188 0.9999353946365482
0.4015599894023574 -0.02764016884171863 0.999940787793687
0.4547435916031525 -0.03267786262081353 0.9999449568646704
0.5061934585219375 -0.0344470506856868 0.9999527080873288
0.568856880823692 -0.029309388248924328 0.9999668855797671
0.6200700579168931 -0.02974328823797931 0.9999708815818514
0.6721376928766066 -0.03764962880079534 0.9999715420341795
0.72819023562461 -0.03776672108891329 0.9999769495274099
0.7795170463806372 -0.03955286898386489 0.9999778941779232
0.8390739224073506 -0.04333592017986409 0.9999806078493789
0.8935769060007659 -0.04626365452834591 0.9999872312777571
0.9485971817244397 -0.050393725784085436 0.9999894510908
1.0007392627438385 -0.047719679210392475 0.9999922179456558
1.0571759221414514 -0.046533244275811694 0.9999941295522186
1.1140154687014732 -0.05597402405041249 0.9999956398240055
1.1664113050120168 -0.05452835972437373 0.9999960444071972
1.2183070217954695 -0.053661478935058834 0.9999951787562905
1.2702381583912292 -0.05668049327194269 0.9999954963081343
1.3273363263184508 -0.05787892072320095 0.9999924828756974
1.3859286928316206 -0.0666595281502066 0.9999910110542847
1.4382190405916595 -0.07232152291763429 0.9999893450380128
1.4994594127190228 -0.0721085120374145 0.9999879036322024
1.554477288637888 -0.07361733317062275 0.9999852883958225
1.60238918196864 -0.07216426230036958 0.9999773863716728
1.6642028024045072 -0.07322660850972804 0.9999701721658082
1.7346318767320428 -0.07433140032425374 0.9999669056388214
1.7940548113294135 -0.07609119449410265 0.9999620462850681
1.8551244909461728 -0.08049691853807767 0.9999560372039327
1.913690587703161 -0.07958606814590416 0.9999718054205978
1.9781427865617354 -0.08439049671171997 0.9999788016870753
2.043327577635163 -0.08143545477517061 0.9999838370968903
2.1088833876084796 -0.0801551768715493 0.9999891125714317
2.1719888673892096 -0.07945607100254448 0.9999832176766569
2.2343698035114454 -0.0805335739790584 0.9999684639085242
2.3023654342683075 -0.07795549280882551 0.9999397988890517
2.3617573066504445 -0.07328363444096178 0.9998983767101808
2.4232202011742605 -0.06809861428295783 0.9998461477223997
2.4837148732370125 -0.06294077340720663 0.9997717591003266
2.5450345465424355 -0.05638406204210119 0.9996859668791207
2.6180010336208253 -0.04821856899017644 0.9995761363568202
2.6850744611749735 -0.040496250792757406 0.99946196312009
2.7463972367765295 -0.03884565750693455 0.9993771608770722
2.812993967914175 -0.03294046898937169 0.9993132442959826
2.8896668355375983 -0.02292529758145537 0.9992353084325243
2.958222306736085 -0.01618833492844033 0.9992120370515413
3.021587920362198 -0.011914525707497277 0.9992117511733131
3.0839055280755554 -0.00768233576945759 0.9992021018645882
3.159973158052018 -0.00579672865541765 0.9992047311082284
3.233202773732504 -0.00035502258068117413 0.9992093929815314
3.3020369428464353 0.0030304341583184255 0.9991508351565768
3.3716885391352887 0.004476661825297871 0.9990563140817438
3.4478772048798714 0.009181405118581093 0.9989507152780197
3.516226013840777 0.015567450966026316 0.9988254813307126
3.585568469630543 0.02382780214684957 0.998637743495435
3.6597170711258413 0.03708173528947971 0.9984760705375559
3.7308676713398654 0.04209003145099244 0.9982946606813983
3.802068958616044 0.059721764768740956 0.9981930506483258
3.872315976678666 0.07054960580137914 0.9981189154218826
3.9429819576515706 0.07730883452376767 0.9981064131353149
4.022383302465759 0.08340443761119702 0.9981243656479449
4.094112664770689 0.09661128155040163 0.9981528912144183
4.167022462076207 0.09873599853410454 0.9981672164228907
4.2329092068576655 0.10468159599842171 0.9982005447918868
4.31141387881797 0.11529094370301804 0.998224411176259
4.388832745872708 0.11724063915907058 0.9982774213681537
4.458798727706335 0.12384632807944085 0.9983573044489561
4.53612288574976 0.12196260365490644 0.9984380028443917
4.613040749662426 0.13195986015625893 0.998518405260359
4.686429066601404 0.1360523384071813 0.9985905244481598
4.756565551993498 0.1430567970341262 0.9986409327618093
4.831818065441931 0.14392364447353115 0.9986785820655583
4.91410026990328 0.1442298634257716 0.9987113415898629
4.99072624373765 0.1529504431276229 0.9987632117659234
5.065222802211989 0.15890729956201363 0.9988119081807537
5.143256122031703 0.1633330629265337 0.998868207854857
5.214540083917605 0.16540435346978086 0.9989307827701176
5.3037360926830575 0.16959258589642473 0.9989492798183084
5.382013333293535 0.1763589518502936 0.9989981602535845
5.459936324350821 0.1762836354759545 0.9990305479312072
5.539175207330646 0.1783920777587524 0.9990694419604053
5.620824557307107 0.1813305382337438 0.9991215289332532
5.703772790576134 0.19401423348745805 0.9991655033528457
5.788998913771069 0.19274932128728103 0.9991853204381564
5.872134552885399 0.20029266724520936 0.9992054781701842
5.962228112650247 0.20598382541250343 0.9992284736977225
6.05110548148041 0.2128297310645594 0.999247108728427
6.131851036580984 0.20981471340607918 0.9992520790310845
6.218078823870299 0.2125793901353097 0.9992377725199829
6.305550100775887 0.228538538973788 0.9992300646484218
6.399435276716862 0.22442873732487723 0.9991886689260053
6.490932235510082 0.23812691546795825 0.9991621744313941
6.576771871854329 0.24887774080217723 0.9991201933877266
6.662714009567047 0.2483446686890668 0.9990515845389953
6.749750454913339 0.2541064496923911 0.9989816794224955
6.843110682511846 0.26860295475584617 0.9989188942259108
6.927849273550706 0.26796842080409694 0.9988195904674305
7.023893923256751 0.28126796799393744 0.998733637642354
7.119141998927851 0.29542380082671205 0.9985695014876192
7.2061568207278395 0.30389625722418956 0.9983119379504508
7.295605035590011 0.31883615627443285 0.9980336555091223
7.395572679372548 0.3354049373945891 0.9977284596923555
7.4790396261822405 0.35202778542121077 0.9973806535126802
7.57421319685116 0.3736299832872892 0.9970385797151231
7.6495189780986825 0.3875438415231333 0.9966382227522053
7.739090303618798 0.4062045610785738 0.996245315216615
7.83577666461217 0.4158371382775383 0.99590452849458
7.931992945868473 0.43911143621494414 0.9956438622899558
8.026368548023845 0.45420126894600354 0.9954010410485752
8.116587459791308 0.47368346314376225 0.9952095765558195
8.217787906745212 0.4931492438445296 0.9950036316407158
8.312253738372366 0.5114272077049693 0.9947715305643928
8.407063693628237 0.5360578833323354 0.9945695475189097
8.50342642034522 0.5570833900460115 0.9943315813595773
8.598715751186523 0.5722954294237271 0.9940946126804509
8.686425196001133 0.5913939381936248 0.9938307588518253
8.782875874326345 0.6129334660252628 0.9935836334049971
8.885435397722423 0.6405141417054899 0.9933384086447368
8.971135398177303 0.6588281618634356 0.9930769356041923
9.062454152889766 0.6786971841955404 0.9928249405905109
9.162593903517488 0.7023574868611148 0.992601095906159
9.25672451041753 0.7309300579974362 0.992302286554104
9.348768769854667 0.7527380198229047 0.992047578306459
9.44588389499126 0.7781583303520532 0.9918149008824285
9.534380807972521 0.79842908824391 0.9915778699168086
9.63247723996318 0.8188272377963141 0.991306334506048
9.722649614921949 0.8486817862104665 0.991127005209838
9.817833255106384 0.8699938540744091 0.9908529459455963
9.90442264599344 0.8996330640412915 0.9906592307361989
10.005622955330546 0.9252488366463705 0.9904905296231171
10.103741134252399 0.9541951552111788 0.9905343355570482
10.199465327471453 0.9806663388151805 0.9905125389633642
10.297349676618035 1.0034556759465412 0.990469216786433
10.395291986410504 1.0282068131338746 0.9904904307869639
10.490855818465329 1.0558939500785691 0.9904698208187946
10.585241003394701 1.082205536396076 0.9904107127552876
10.683536840384557 1.1051009479130782 0.9903877584015032
10.778638653715825 1.1229975946548847 0.9902770662378164
10.875460203827851 1.149020260423548 0.9902055357734191
10.96502453625461 1.1824186890834067 0.9900720481085449
11.067658821542652 1.2071291554576997 0.9898098037479406
11.162908716549293 1.2311742162274468 0.9895648623820337
11.266226574080543 1.2655776539498613 0.9893240930349373
11.356126241506914 1.294997253281742 0.9890625987674941
11.451924352189849 1.3216188796784862 0.9888049672164404
11.550777675542136 1.3491985926582195 0.9885229250652109
11.642089688108017 1.383290735635746 0.9883056105096117
11.737490576971478 1.4064880505702115 0.9880064268459468
11.83681398013534 1.440878067995592 0.9877963209180777
11.93393031296739 1.470664917953535 0.9875290952000659
12.033773811324764 1.5025200285491418 0.9873047443134569
12.131405192103436 1.532210079535887 0.9869771913896662
12.231809736954395 1.570023498754441 0.9869596517751049
12.325874430440685 1.5940899782683262 0.9868979544152293
12.41852085239588 1.624144317975394 0.9868879423956342
12.516476709889744 1.6529490189782012 0.9869127588010526
12.616609295311044 1.6815153400515426 0.9869764764134108
12.710120171185736 1.7096990221068553 0.9870261327008081
12.807621524375742 1.7397330242259792 0.9870543160729863
12.907348290966706 1.7725801186084722 0.987117133964341
13.005504589473619 1.8046541808247818 0.9871836017353984
13.09608444131685 1.8340131564196718 0.9872752805702515
13.198137447773028 1.8664859158279772 0.9872952307842251
13.301662660050566 1.8899100935286717 0.9873164390989063
13.398301303641622 1.9193720391954763 0.9873118647032042
13.504734845049683 1.9426088916052797 0.987256119259733
13.600760958071087 1.9734427962502818 0.9873021286556815
13.700906954238757 2.009710968273193 0.9875076359279126
13.801529640671601 2.0372809750578296 0.987523121041519
13.90498105560693 2.0683704179233096 0.9876008464222549
14.005224792009372 2.1026499168064583 0.9876828039602443
14.10574279589272 2.1315701950214425 0.9877161780532593
14.206217137290121 2.1593746082654923 0.9877346424855222
14.309706788933008 2.1825051109503635 0.987886975865463
14.408446672647765 2.2079899009903827 0.9883862944300353
14.505856880970814 2.228794200934889 0.988947390379236
14.604771045769283 2.2526455992686754 0.9895015166789064
14.705715887832058 2.268178898926834 0.9899763395257909
14.811455735543953 2.288606898739897 0.9905708714826932
14.917392784163427 2.314000220382117 0.9910687071242079
15.020094329628837 2.3321528015462354 0.9915046122922762
15.116598489883637 2.34931775466369 0.9919464619386466
15.219799324048255 2.372336106030691 0.9922853417240526
15.329995977608982 2.3853573462740854 0.9925090898404283
15.424757674227687 2.401000127478929 0.9927797437684812
15.50931217115344 2.431803451413244 0.9929415928036067
15.608473719037386 2.4436595165527355 0.9930151238442015
15.71627690995751 2.4692995023874524 0.9932073006331396
15.825133340653814 2.489370352662729 0.9932553302011657
15.92931583374329 2.5095696337946607 0.9933732602906056
16.030980389847837 2.524882600842687 0.993493515533748
16.13532447983873 2.5390041739952784 0.9936224632050344
16.23542299884704 2.5602263558403298 0.993784936378182
16.338875800142464 2.5771427774162423 0.9939205051580684
16.437564446253745 2.599597476732119 0.9941338875612464
16.533666156750378 2.616010743755689 0.9942165395219875
16.635542588766064 2.6349552547008708 0.9943572042375433
16.737247648577114 2.651815829360183 0.9944793345835065
16.83424275596627 2.67649652326832 0.9946017701321707
16.939761007129523 2.6903202705796727 0.9947040294349838
17.035830694836633 2.7009851767566393 0.9947389393405106
17.137110154954946 2.7122471015213097 0.9948393918299292
17.23883549850226 2.736369532238943 0.9949775420881196
17.340765001977307 2.755137156664055 0.9951688877377636
17.441027697583376 2.7690478136200434 0.9952903277896278
17.55087010268583 2.78488683467796 0.9953933553853456
17.655446123797898 2.8030986411034204 0.9955364935546394
17.75682959609526 2.81322879314114 0.9956327015647767
17.86232545394737 2.8288668609442436 0.9957712636762046
17.961866040739295 2.847089035110957 0.9958780125454322
18.068890040108865 2.8589013311068743 0.995945923248818
18.17343224409597 2.8692727503743685 0.9960381058424704
18.274971535507284 2.8824454396679213 0.9961552808921447
18.37883976463129 2.8915852672212705 0.9962993991419246
18.48475654395837 2.9024919907978144 0.9965417237366616
18.583007085386384 2.9177377945137164 0.996844713655782
18.67850989110174 2.9261753256893575 0.9971201479683948
18.7762530143126 2.934139452860298 0.9972968990102749
18.885718184577346 2.948000788384011 0.9974282763683927
18.98924546533476 2.9641303829319026 0.9975476984869213
19.087468954344427 2.968082103507248 0.9976842924754152
19.190677367472304 2.973737790105515 0.9978264966848941
19.29479009711934 2.982873098975868 0.997962797643003
19.399570264349098 2.991782831638064 0.998111708720535
19.510898422616833 2.999941301657419 0.9983163854811286
19.608348020808112 3.004563008876914 0.9984873981103778
19.710944830433284 3.000902252864323 0.9987065977897566
19.817138298791768 3.0052039795877854 0.998898359065887
19.921140908354822 3.006238543386226 0.9990930911623483
20.015846852196315 3.001957809374006 0.9992561331829877
20.11617990582292 2.9966821378778206 0.999381871891563
20.201868293568378 3.0002079052405155 0.9994940087401409
20.303108835581877 2.9957725866088465 0.9995519039239347
20.40955203593975 3.0064418222528997 0.9996273374763125
20.511428052746773 3.0027618746643108 0.9996646792117727
20.613414876296698 3.00277843068063 0.9996813954844723
20.715062718786893 3.0034557608564167 0.999710856522249
20.830219671557717 3.010055850704463 0.9997967692947907
20.947711986759312 3.0028323409514295 0.9997994314148007
21.051914908405365 3.0022227552434013 0.9997632725955896
21.15019009325018 3.0028604806458334 0.9997678637432644
21.250622459732732 3.005989852999679 0.9998052977855222
21.355489553694987 3.0074188054697832 0.9998033337406493
21.455013218952864 3.00068218326579 0.999824811203203
21.55706057935063 2.995169358249588 0.9998480804385842
21.659131377502536 3.001714114594747 0.9998524931063538
21.766363495898407 2.9932660298547944 0.9998630734051711
21.859857685159486 2.990098647611178 0.9998795900344745
21.965249593745398 2.9904397187327922 0.9998744484907915
22.077105829774037 2.998320046937333 0.9998413586825201
22.176347306803255 2.9958966536573524 0.9998777815504439
22.282377565359436 3.0020211831340022 0.9998921632039496
22.378946936276588 3.0027297684521375 0.9998567612464992
22.49173523616047 3.001153008910227 0.9998171260396926
22.59237909598479 3.002086684227815 0.99978484012646
22.700311548582462 3.0030988962979186 0.9997298849033213
22.814057564529417 3.013670094359869 0.9997095465885539
22.913229378548174 3.011124446073829 0.9997024930988188
23.019795802448947 3.0086081465654226 0.9997158909889706
23.123396195008358 3.0140549642056302 0.9997344075371619
23.23560329776938 3.0151147117035833 0.9997416507973276
23.343855446274826 3.019782676270214 0.999738632417494
23.4555991390834 3.0236136202362385 0.9997432105885273
23.555367950632853 3.0219246574961334 0.9997429772379676
23.66294521632517 3.022254047308589 0.9997509004053218
23.767860091688924 3.0265707495740264 0.9997558204994969
23.86827003142016 3.0282961077798918 0.9997716004032583
23.97352274446862 3.0298914847488887 0.9997772509582883
24.08180896007055 3.0301287063766287 0.9997754930940926
24.192747780546355 3.030900749364803 0.9997926880983428
24.29288626740435 3.032435110373371 0.9997910210385279
24.41013275142802 3.0345884751702523 0.9997476025002281
24.519043904092165 3.0400031145966806 0.9996819900915462
24.625254061563872 3.041167504439692 0.9996064227734962
24.736627897036026 3.0475358211353485 0.9995590318684177
24.84332803337923 3.0541486809603677 0.9994727653170017
24.955342427561206 3.058941155574227 0.9994425834148593
25.062926539967734 3.064542890706823 0.9994295107590235
25.16290430097946 3.071178116296999 0.9994381208276323
25.270523102586257 3.0727002241454495 0.9994171075384639
25.380026255382987 3.0821929378179997 0.9994302153111025
25.48618647719787 3.078400440944957 0.9994293700262302
25.596197611414013 3.0793131394532782 0.9994957535468888
25.706834195990176 3.0782604948262287 0.9996349798285279
25.82536374507352 3.069946232385134 0.9997735213762334
25.92817153307451 3.0696087601237467 0.9998742136462098
26.03740740907287 3.060881543840678 0.9999400566826478
26.136218381221354 3.0589694244689793 0.9999668249463781
26.248893757788466 3.0443473748477237 0.9999679663465206
26.355006530280612 3.039582989727486 0.9999703455353356
26.465050578332857 3.035080932945475 0.9999684899065576
26.56833119206086 3.0356516536397193 0.9999673377122394
26.679795064130555 3.0363265358834775 0.9999543959291363
26.77338785404821 3.022374280112288 0.9999543282740067
26.882119727329723 3.026496677736216 0.9999547886860188
26.993756347800414 3.0218087487102423 0.9999408682626476
27.0944835274992 3.0132342906663316 0.9999319710791694
27.200818422710416 3.000483290202761 0.99992878472097
27.315751200961458 2.999379352166099 0.9999058398835361
27.421136160603176 2.988441958328416 0.999911809459554
27.52588839646325 2.978055123053026 0.9999011956815319
27.63552794185454 2.980219542083569 0.9999085819404294
27.735084544233505 2.9726711036525915 0.9999225978013014
27.832916313310587 2.9861801848867113 0.9999342979629137
27.940679417919235 2.9831432825892743 0.9999405209704958
28.057142712409917 2.978052407052091 0.9999374710368514
28.16389110683796 2.965374138978427 0.9999343888348835
28.253867366023236 2.967565990573282 0.9999287406037113
28.356464049360184 2.9670697864822166 0.9999469293251929
28.47155395632336 2.9619881031844852 0.9999460660956474
28.569770630646573 2.961396350554767 0.9999433429510208
28.66905561442404 2.9609625571062366 0.9999412098370811
28.77014560346905 2.958180013119835 0.9999443149254374
28.874666448752468 2.9524086872652666 0.9999472210883511
28.962223265257652 2.9648132284198057 0.9999351595537751
29.056811321550644 2.9585277441454494 0.9999242006995844
29.168388660072335 2.957824086648497 0.999919395842946
29.279840717955093 2.942895968076361 0.9998779395043456
29.382395645752165 2.9471003374682834 0.9998365058889048
29.475194119757944 2.952475139953841 0.9998225525572947
29.595069109011426 2.953233400454464 0.9997410350593329
29.69647817389655 2.9564957483958336 0.9996715313693312
29.787894030624365 2.9715589814516554 0.9996530922226635
29.89770146988723 2.976597413712133 0.9995802375980767
30.00165049972046 2.980642645079419 0.9994945430786256
30.092060748903087 2.984889753769731 0.9994096082483581
30.207188514805285 2.982904818223691 0.9993264927203553
30.315937174965434 2.9863149956420707 0.9993080175277813
30.43774925656958 2.9829055738534356 0.9992728455452565
30.5339704026606 2.999488682794316 0.9992978660272065
30.635499852826136 2.9998357825778244 0.9992931602865281
30.7491465718111 3.0079422580978386 0.9993150988083219
30.85451119696642 3.0075561825601818 0.9992820734032359
30.957508147797547 3.0144192164764108 0.9993066747070487
31.045950250042686 3.026995079231602 0.99935633889385
31.148688560401165 3.030836951270357 0.9993855329038323
31.270431832192344 3.0337514186981407 0.9993816291372066
31.38079764525859 3.034986619071046 0.9993817227020075
31.487475353688925 3.0324388735079735 0.9994247057739148
31.593673796468316 3.0433900102584808 0.9994526726498073
31.7040699958291 3.050932603269868 0.9994838470230144
31.80500581009432 3.049114500320616 0.9994799780639375
31.918169762843135 3.053038917943432 0.9994795655256807
32.025819932911126 3.04991416654559 0.9994849027419352
32.13402085261438 3.053048159337318 0.9995132429854363
32.24084794627923 3.05046322045987 0.999509698030439
32.35649311885143 3.050794974351927 0.9995731391047473
32.462402976537724 3.0509714553262675 0.9996642823518559
32.55896886397281 3.0619402241763276 0.9997411726742748
32.670072331331106 3.0621962922179353 0.999757345903135
32.772480723107805 3.061735272209791 0.9997768572576363
32.88688299123736 3.062464890543735 0.9997897233145469
32.981553253551134 3.0521544227274915 0.9998238008197968
33.090578232666545 3.049944120348434 0.9998603813341514
33.20615000206479 3.047433342553234 0.9998942494569831
33.313924364192715 3.046413522820682 0.9998959287199988
33.42319502786424 3.044885726165115 0.9999169971473207
33.52237948810211 3.0411159342245355 0.9999428028531834
33.62367874419457 3.0410537898147942 0.9999547685830823
33.73823986364805 3.0366940276852383 0.9999564888527889
33.832370626246124 3.033647928486631 0.9999442558688729
33.956272356254246 3.024868129118578 0.9998451018821927
34.063585103709876 3.023252095283165 0.9997891782282278
34.17934929566661 3.026413643660533 0.9998225998647103
34.29688234661194 3.0232938317657485 0.9998137258193645
34.410740603556754 3.0192019665914627 0.9997886985127277
34.501239243436636 3.014025695209225 0.9998020888823935
34.61323518959358 3.0116880326164974 0.9997432170810626
34.71853817105063 3.00515983330694 0.9997462113506707
34.78739462587443 3.0010599967102074 0.9996282750799541
34.9023789160152 2.987175750756112 0.9995946578506548
35.010657855857616 2.9784542394458646 0.9995161140733532
35.107193332496706 2.9800532847566807 0.9996454037874094
35.21909607794831 2.9773685714465334 0.9994979985184963
35.317469298003246 2.9746512935305 0.999487403734387
35.41626204155659 2.9569701919726867 0.9994894699427789
35.52854783054933 2.9660565734948645 0.9992306509327237
35.63502570595901 2.9508856956780773 0.9994208337155682
35.73664448614309 2.9664253158620038 0.9995266035547116
35.83061310474964 2.943023756831195 0.9996242488757068
35.939183932600486 2.962676451842869 0.9996495791533047
36.03914883535883 2.9597984731835103 0.9994942662744938
36.13998868611358 2.9509248529614505 0.9992497784917874
36.25348758795992 2.940142167922332 0.9993139246103832
36.34650061903431 2.9383268031140672 0.9992165479250569
36.466508059705255 2.9425072647633876 0.9993122149596141
36.57165663855402 2.9310633137165882 0.9992612287030284
36.66016119763347 2.930965586576447 0.9991527424654738
36.75250386362309 2.933083573279773 0.9991550858509606
36.86184553559491 2.92157407751617 0.9993609538612611
36.97140966513711 2.924772308970356 0.9994762587628823
37.06182246442714 2.9232234079691755 0.9995064760828584
37.1602892466666 2.928607158597097 0.9995053381728115
37.269506571872945 2.9159772167215765 0.9995503299324424
37.37658584586877 2.9082476761285645 0.9991755124719816
37.47402182739594 2.910584743433007 0.9992402875741023
37.58174744796464 2.9072214953550737 0.9989798110868744
37.67435495232542 2.9131558710560834 0.998863733756256
37.775735406662065 2.88957585023767 0.9989848681598222
37.8755717774518 2.906742548066446 0.9985405741298168
37.959289660306055 2.8528349294293087 0.9984061941700048
38.0392501639858 2.7999212626497374 0.9979999583934963
38.11785568262845 2.7692371288362865 0.9978249751021553
38.15395343254156 2.7695815318446244 0.9984991677784634
38.20920356238378 2.7724491901812045 0.9988031962628808
38.22192096459559 2.7603128071545076 0.9987045981571107
38.2087458711584 2.760003926469416 0.9983506927944311
38.197629778874145 2.780222069980676 0.9987557466222239
38.19913646290654 2.766641870574583 0.9990347977531078
38.203581567798786 2.756723723392306 0.9991143117161925
38.19767685349248 2.76210648623726 0.9990225679163302
38.19328589209131 2.7618347028222985 0.9990226138130165
38.19129626250156 2.768430870285901 0.9992662422055235
38.18691697016989 2.7639375780464945 0.9993623569400157
38.191454272054614 2.7601807590800203 0.9989048429074207
38.20230642224062 2.755542338972728 0.9986092258379404
38.19718635581978 2.7579781551030993 0.9987513977118135
38.19569176685035 2.7473649686594936 0.9989350815694608
38.18831540526611 2.762679551911907 0.9989511521752625
38.20045456402334 2.762858682206526 0.9989537742634477
38.19842725915046 2.7590216954112186 0.9989829653416402
38.19086912249102 2.754552784191416 0.9989044053781823
38.20380501073406 2.7554793548493817 0.9986332267819316
38.19496645761133 2.758122832046175 0.9987551994864707
38.18561352361802 2.768669245751961 0.9991961238982
38.190722443031774 2.7730584551337047 0.9992554650761787
38.186670534179875 2.7702229154502827 0.9992487407717777
38.19575090148966 2.754711980931086 0.9990792787345816
38.1937980472007 2.7659197505094735 0.9988737620755521
38.193076860036065 2.7537143737358587 0.9988479471684181
38.191764831860496 2.757167689615252 0.9988713583715347
38.1876249253485 2.7655975682051106 0.9990015460769448
38.194803036628365 2.757938308417815 0.9990971859218859
38.190939346484875 2.761645584707875 0.9991690493479131
38.19047996985493 2.7594136434727665 0.9992987747291683
38.18521352691006 2.7738640834483985 0.9991349648785427
38.206385706436414 2.761094133287527 0.9988469410873552
38.19377599583485 2.7623257317916283 0.9989024410157408
38.19401601919249 2.758866938613749 0.9990007573320918
38.19976259550719 2.7604314289033995 0.998706137707172
38.20219563704701 2.7525648314348024 0.9986707859499634
38.19679751729651 2.765632926360594 0.9987773362337375
38.19988967552224 2.759189229170439 0.9989226663817059
38.19073692262683 2.7646480079629456 0.9990907943734474
38.1885140804378 2.7602903620995676 0.9990811783153168
38.19127683168003 2.7659254983150428 0.9992308010043935
38.19226379814294 2.7729271781978064 0.9993321383715603
38.19340831990652 2.7676853292631045 0.9993520180499041
38.190347969707645 2.7631305118995644 0.999276573661674
38.18874086220578 2.7645400977318055 0.9989405946376285
38.198871442964766 2.748139825039619 0.9985334235231352
38.19002372898205 2.75861496010135 0.9987129695053385
38.19704791184712 2.7637016966734396 0.9990084920333576
38.18436349124296 2.770206207857556 0.9990880832363549
38.184426258500885 2.7641511281548046 0.9989857916197659
38.19581762201134 2.7594317752075233 0.9989217687051101
38.18801546424852 2.7598392159639293 0.9991062366252637
38.191228380116826 2.755156045051729 0.9991417041913097
38.186380094306394 2.7586435076584377 0.9992393387657035
38.18908019533143 2.763204590951977 0.9991707747496236
38.18980553713309 2.7583537288665374 0.9990226676494185
38.197619922927224 2.767046456098982 0.9988028708262869
38.19044024279373 2.7636812216137296 0.9992140758934508
38.20090642106388 2.7673479728261614 0.9993761061544962
38.20396141645315 2.7710259520725833 0.9994073782788792
38.19516137503336 2.7745387442613962 0.9993759540373035
38.19149623966422 2.76140281536727 0.9991514656394114
38.19613937392152 2.7508694031728944 0.9985637300540208
38.19956743001486 2.744145774930538 0.9988325063645899
38.19108605805942 2.759219899258647 0.9990528243557135
38.18981924163689 2.7652758711252665 0.9993115859745464
38.19493691298804 2.7643365002666824 0.9990658015783176
38.19439400664162 2.766742693178769 0.9991374420441346
38.190987923728336 2.7626631308612617 0.9991278181615812
38.202537805071096 2.75805239430049 0.9990385679533974
38.19694869749099 2.7629597781679247 0.9990217395051637
38.19404890310707 2.764376428817 0.9990809628599375
38.202988452342126 2.7633463662158917 0.9988630367886252
38.20277168575029 2.7694032689433064 0.9987062913296179
38.19917718148709 2.7643540799356052 0.9989057274331136
38.21175862504057 2.765177290536666 0.9990519081737451
38.20467984383188 2.7607561420051248 0.999074937579754
38.193094970354366 2.763822285483666 0.9990076402054976
38.1897144514717 2.7598880226459923 0.9987193338308693
38.19842151367755 2.7592014781709877 0.9986410516820083
38.20212017587234 2.7463216676880973 0.9986133283697739
38.1955945252305 2.7506820528993035 0.9987549562343545
38.176744519945416 2.76269135829138 0.9989636698549393
38.19402503574714 2.762171200857697 0.9991966468989599
38.19707408322328 2.7613338800070117 0.9991009831826995
38.19674009771256 2.760459030436027 0.9989856698374843
38.18882115325314 2.7547469910197173 0.9989773815251805
38.192456878728564 2.764309160139121 0.9986872914751662
38.203021777111545 2.750524160074221 0.99868817943323
38.18460501461982 2.7688561619089724 0.9991250789991547
38.19426696793414 2.7663024992694836 0.9992183505425102
38.197319296795726 2.7690632211227317 0.9992748209403473
38.200946057505924 2.756650739743154 0.9993385713019322
38.19628894862465 2.7582020802381426 0.9992025124280386
38.18976941144953 2.7609853869970946 0.9990016245129532
38.200180883264586 2.752387741058899 0.9987816724014266
38.2059070003979 2.7387761712661685 0.9985417891468267
38.19266148023642 2.7560203881090746 0.998811375347177
38.19483353911691 2.750223265887678 0.9986737268537049
38.19475043455971 2.7542571337766675 0.9988344699883247
38.18773402505426 2.7648784213012165 0.9992500213367931
38.19065209797709 2.7671463714085145 0.9993806012758216
38.19783170428084 2.7662279190901726 0.9990082844365402
38.195028346835294 2.75910116419079 0.9989005884181819
38.1971621172584 2.752610206350406 0.9987750534693591
38.19557522039074 2.7570400558499752 0.998606064053734
38.1937442410058 2.7609474283329107 0.9987831141947481
38.189874426053855 2.7601216638880817 0.9989604420994416
38.19567314092346 2.760335503945564 0.9989828667723741
38.192659156379605 2.76071337623869 0.9990400937826607
38.19448281157697 2.764484943380141 0.9991999244097236
38.18484748679697 2.7595308934365286 0.9989833479065147
38.19899162279094 2.7609932121783523 0.9987176666459262
38.20236584317776 2.7523058020594764 0.9986312400499386
38.19945445552888 2.7534403599412074 0.9988484187521975
38.188211705738325 2.763356165183528 0.9992118180886537
38.192620945730795 2.773123460188446 0.9991941054210143
38.18918177826963 2.7623542801414946 0.9990315758651153
38.196415934295864 2.7576319691575457 0.9990736909843895
38.20071975402568 2.7586175147733973 0.9989844976600044
38.192997493957996 2.757449332074921 0.998896375331449
38.19241932514914 2.75351324429239 0.998834721347534
38.19390736524389 2.767257179733008 0.9989159287521417
38.19710659614385 2.7739557822868 0.9990546795817639
38.19327986889443 2.76774183666671 0.9990637177829488
38.19576778119451 2.7619461181561076 0.9990602391276556
38.179333254234955 2.7642567764692587 0.9991103489605876
38.20075452635091 2.7470843847556887 0.9989260351108865
38.19808917237853 2.7727126015099732 0.9988344036575842
38.193112236432576 2.7717670652422797 0.9989922187858715
38.19074874093396 2.7587900351605543 0.999267638218729
38.191464556122796 2.74917926189348 0.9992670904613873
38.18956192311215 2.7635190863930044 0.9990857742900924
38.19741458245484 2.760949213338496 0.9990561557107166
38.19594999564024 2.756446887553448 0.9990027520308338
38.20337726639857 2.7608788984773738 0.9987032327216097
38.19732457928234 2.7598829958800093 0.9988550502311507
38.19127259146794 2.7662170343936734 0.9991570608100573
