0.011513329359952609|-0.018837320802458136|-0.021102198214945012|-0.002164543560287831|-0.002513493296614655|0.014397234847505644|0.9998908524090871|
0.013971233011174715|-0.019531218524081597|-0.02669021591332405|-0.0016090905829529204|-0.003528385956986982|0.01437309902504153|0.9998891815318592|
0.01448155293152645|-0.02122008435659799|-0.02387280901614932|-0.0015214233018225774|-0.003117808426988028|0.01451535759020881|0.9998886282660571|
0.01277318094828775|-0.019210343119819673|-0.02500718325409849|-0.0016006114211991758|-0.0036510998585479295|0.014381983415344636|0.9998886268309797|
0.015015442962472434|-0.018932463977877186|-0.026581635985207578|6.325162988045767e-05|-0.0037076445489594417|0.014538320788711753|0.999887436964669|
0.01332908300620723|-0.021354984510653267|-0.02792022576438574|-0.00014545135326471837|-0.0035550514934726656|0.014562417162857449|0.9998876319162857|
0.015833526355788018|-0.020930611894891718|-0.024580285201096317|-0.0008918566624668555|-0.0032750851666636482|0.014653688637292423|0.9998868675096028|
0.015890468828867108|-0.01863263773673717|-0.02325086406297555|-0.0015240930102058425|-0.003296114991121355|0.014437362822936062|0.9998891815202225|
0.015529770079377113|-0.016927684861510743|-0.029289755828286884|-0.0017598666838672804|-0.0036394177269719907|0.014275827486585436|0.999889923070253|
0.016967524447773327|-0.01966863456458065|-0.026926500978505796|-0.0016793481874960619|-0.0036748393999420912|0.014312271587351487|0.999889410998566|
0.017125176662493725|-0.018438470918861898|-0.025444286592717958|-0.001267748935875096|-0.0033566585355427085|0.014548713262387224|0.9998877239963099|
0.018185313200494928|-0.019258329772273028|-0.027555673157561186|-0.0017708049049561503|-0.0035348083423034095|0.014458792913314283|0.9998876500324732|
0.019386427397507535|-0.018909652815192697|-0.03087091952079798|-0.0016237685108197383|-0.0036025038195863467|0.014367611580720977|0.9998889723761926|
0.018852591093750433|-0.019367779956036068|-0.02735987318399496|-0.0007691712060250019|-0.0034497884755274565|0.014369194946002323|0.9998905107919236|
0.013857961876463501|-0.01941413248441943|-0.023754885182795935|-0.0013944650540673746|-0.003332576506326179|0.01449841006351802|0.9998883665223199|
0.017904297458004582|-0.020175195981324327|-0.023502112471959696|-0.00203878691634218|-0.0031757385769599343|0.014465897902110024|0.9998882416701808|
0.01846079777390665|-0.022272394590711127|-0.0243901404832674|-0.00208267568177478|-0.003151561236286663|0.014571892381411784|0.9998866886183666|
0.01679906793559926|-0.019773347599282624|-0.030108948787817346|-0.00148686066165117|-0.003639725779701739|0.014487921923074281|0.9998873145309788|
0.015041113410636853|-0.019150599972714826|-0.031060558145087996|-0.001027008398854722|-0.003550301228621777|0.014433493393049031|0.9998890012813462|
0.018824015494825163|-0.0179059154400831|-0.02712545625140757|-0.0007723852698605128|-0.003546665580832766|0.014226993376945008|0.9998922028117356|
0.017527022257228724|-0.017312953911317663|-0.024367557612101777|-0.0016904581501253205|-0.0033423399810947616|0.014300393015797032|0.9998907289670645|
0.014923631308761433|-0.020141937554340947|-0.026383221812993896|-0.0012995528447673351|-0.0034359239365162834|0.014389481439017667|0.9998897181254652|
0.01712126370977683|-0.016979506924628344|-0.027613814962467738|-0.0013856200835150976|-0.003617842117374658|0.014311461307422705|0.9998900806341886|
0.017929660356323693|-0.01747309583611545|-0.02699701571617815|-0.0016107956337923653|-0.0037730887278158527|0.014248437049719934|0.9998900695479072|
0.020098908647424345|-0.019830902499058403|-0.022915313925936355|-0.0017327223040030171|-0.0035026596608654396|0.014437185768464002|0.9998881421018077|
0.0229087363226621|-0.016060633402539572|-0.027723978479144734|-0.0009260593393759869|-0.0035287133094003024|0.014359659602579336|0.9998902393625902|
0.015472488978848889|-0.020851532641177027|-0.027751628738762593|-0.0009718805205441011|-0.0035493099974442093|0.014400783036302387|0.999889531545729|
0.01527446148668426|-0.019857577322974274|-0.02825400169472782|-0.0016735574597590975|-0.003637872265726748|0.014379845134170465|0.9998885863658631|
0.012939205625732217|-0.0156474150842605|-0.0350977739721734|-0.0019466217548478014|-0.003908008580133173|0.014160271096968675|0.9998902064002534|
0.01479171885444131|-0.014177216887127883|-0.029078478400724174|-0.0022269595693787006|-0.0037406915938781914|0.014248042174244874|0.9998890144269397|
0.017688246744164676|-0.013549000179290845|-0.028913098057329868|-0.0014295476393008093|-0.0036803276877933147|0.014257905099076908|0.9998905558729133|
0.019851117090809844|-0.017281317639862032|-0.02902150133911626|-0.0013705206943419447|-0.003630843781823912|0.014324228215710005|0.9998898715020983|
0.014105446542153273|-0.018912011250585347|-0.032471669661659965|-0.0016508421006575862|-0.0038327182028141007|0.01431298554380044|0.9998888555416345|
0.018067052473757863|-0.01516497270970502|-0.03698985836594696|-0.0020041670263365842|-0.004085136777307196|0.014154372400202848|0.9998894682483649|
0.016353587056605962|-0.014857810341620472|-0.028190143561572647|-0.002177579649538714|-0.004075200160416698|0.013914693536969447|0.9998925103201316|
0.04230184752811846|-0.01848870472013931|-0.03312693689968387|-0.002554399635461808|-0.005310241288021512|0.01404245563748493|0.9998840361860142|
0.08645395583154591|-0.0134592502029885|-0.033648940845903|-0.0032012496097584284|-0.004623440916306196|0.013206561139056749|0.9998969759619789|
0.13654407054304554|-0.019592543698208037|-0.035208836556554504|-0.0023468617918057703|-0.0040297450664594815|0.012787275529697092|0.9999073651988751|
0.1821972460253201|-0.01767971695438647|-0.036102530189930516|-0.002717657375842792|-0.004011515329493489|0.01238412128722707|0.9999115739019584|
0.23977856710358253|-0.017960309649363654|-0.03971218209202896|-0.0007289535760549115|-0.0037533543251844913|0.01135847348369422|0.9999281804400318|
0.2993337061233699|-0.022485976341305402|-0.03339373123617398|-0.001721740982427945|-0.0027352631405127303|0.011041192226877567|0.9999338208190336|
0.3468786801566453|-0.0277814805639188|-0.028154048794732208|-0.0024627721042240263|-0.0031488903809376335|0.01064076106218947|0.9999353946365482|
0.4015599894023574|-0.02764016884171863|-0.03366034986453916|-0.002736911864077698|-0.003696205347179161|0.00986246855609354|0.999940787793687|
0.4547435916031525|-0.03267786262081353|-0.029941017403617886|-0.0031463895480246654|-0.0031534416639229504|0.009499435740955608|0.9999449568646704|
0.5061934585219375|-0.0344470506856868|-0.03425882927532881|-0.003733964334906401|-0.0024640579894278695|0.008635248542317923|0.9999527080873288|
0.568856880823692|-0.029309388248924328|-0.03666517552521534|-0.00139698853704107|-0.0010563504381602819|0.007947344882438543|0.9999668855797671|
0.6200700579168931|-0.02974328823797931|-0.019987047735136803|0.0008791816638499515|0.0005075037427734221|0.007563429643165345|0.9999708815818514|
0.6721376928766066|-0.03764962880079534|-0.020715511542873172|0.0012280797895860604|0.0007559509325258373|0.00740509824400826|0.9999715420341795|
0.72819023562461|-0.03776672108891329|-0.017290122396226786|0.0006162003687815239|-0.0006213635576492778|0.0067330987139302065|0.9999769495274099|
0.7795170463806372|-0.03955286898386489|-0.024662483609237038|-0.0013605948734337846|-0.0019439589904470277|0.006211357381396486|0.9999778941779232|
0.8390739224073506|-0.04333592017986409|-0.028845069244513657|-0.0014244356849509256|-0.0020423555684726154|0.0057082126710181905|0.9999806078493789|
0.8935769060007659|-0.04626365452834591|-0.027661341186420822|0.000614865678257753|0.00010405032134679966|0.005014817561364555|0.9999872312777571|
0.9485971817244397|-0.050393725784085436|-0.0287264096328042|0.00028296761194999726|0.00014276332182071636|0.004582276190433589|0.9999894510908|
1.0007392627438385|-0.047719679210392475|-0.03137376974015815|0.0005560150407540888|-0.00044223516328757684|0.0038806344150639086|0.9999922179456558|
1.0571759221414514|-0.046533244275811694|-0.025510075206849156|0.0008363278823571141|-0.0009095799783920343|0.0031959475960590695|0.9999941295522186|
1.1140154687014732|-0.05597402405041249|-0.021817894889343898|0.00019727458897186655|-0.0009371674646684794|0.0027934088240363915|0.9999956398240055|
1.1664113050120168|-0.05452835972437373|-0.023746981768144704|0.00030579540871272586|-0.001814752216560078|0.002127048076376089|0.9999960444071972|
1.2183070217954695|-0.053661478935058834|-0.021967222317365146|0.0003311797309458456|-0.0027714547807762913|0.0013608168720240636|0.9999951787562905|
1.2702381583912292|-0.05668049327194269|-0.023190528625230612|8.764847280183508e-05|-0.0029621253030113876|0.0004748630138194298|0.9999954963081343|
1.3273363263184508|-0.05787892072320095|-0.015331719745970295|0.00029743741844102196|-0.0038635491657060075|-0.0001367878769638217|0.9999924828756974|
1.3859286928316206|-0.0666595281502066|-0.02136569345204706|5.6915203685990186e-05|-0.004168801485695458|-0.0007717936651493934|0.9999910110542847|
1.4382190405916595|-0.07232152291763429|-0.02620251600496934|1.4685393594524968e-05|-0.004366533520504836|-0.0014976581049224742|0.9999893450380128|
1.4994594127190228|-0.0721085120374145|-0.026636916041661986|0.0005607901028348737|-0.004373733951142032|-0.002179117954273707|0.9999879036322024|
1.554477288637888|-0.07361733317062275|-0.02242002776909366|0.00020855497605696535|-0.004694179269702988|-0.0027100143412835498|0.9999852883958225|
1.60238918196864|-0.07216426230036958|-0.02234804156597746|0.0005821749566403249|-0.005561108942760026|-0.0037365605742260017|0.9999773863716728|
1.6642028024045072|-0.07322660850972804|-0.02013221874394908|-0.00042312095967110883|-0.006230809675391088|-0.004544530572838473|0.9999701721658082|
1.7346318767320428|-0.07433140032425374|-0.0178192494696022|-6.849231048927415e-05|-0.006051374201398895|-0.005437260909604261|0.9999669056388214|
1.7940548113294135|-0.07609119449410265|-0.018848716859655303|0.0009138696069056876|-0.005923031088346743|-0.006323648823885736|0.9999620462850681|
1.8551244909461728|-0.08049691853807767|-0.023575040005866996|-4.717829394701478e-05|-0.00654273369996753|-0.006716700778439382|0.9999560372039327|
1.913690587703161|-0.07958606814590416|-0.01714336911923396|-0.00047326411213981034|-0.005374051968196412|-0.0052234041001673216|0.9999718054205978|
1.9781427865617354|-0.08439049671171997|-0.016129259283177936|-0.0011059999561784178|-0.005602893301133543|-0.003127383448462779|0.9999788016870753|
2.043327577635163|-0.08143545477517061|-0.006100190034724836|-0.0008621297511392964|-0.005381033550573702|-0.0016207267503878296|0.9999838370968903|
2.1088833876084796|-0.0801551768715493|-0.01915794655275528|0.0006505564928637488|-0.004595792711809653|0.00047979599812943163|0.9999891125714317|
2.1719888673892096|-0.07945607100254448|-0.020448334022616158|0.002745037983489756|-0.004210968751552452|0.002880429426828209|0.9999832176766569|
2.2343698035114454|-0.0805335739790584|-0.01688140020599384|0.002938959452995947|-0.004100108491678209|0.006133744053700161|0.9999684639085242|
2.3023654342683075|-0.07795549280882551|-0.019935885269093068|0.002746968877634401|-0.003988681170150736|0.00984597289408457|0.9999397988890517|
2.3617573066504445|-0.07328363444096178|-0.02319079417244454|0.0029800518293391512|-0.0038292774752843707|0.013404931087360149|0.9998983767101808|
2.4232202011742605|-0.06809861428295783|-0.0218615509909188|0.0030634782951812264|-0.0036220935443026696|0.016887167428801548|0.9998461477223997|
2.4837148732370125|-0.06294077340720663|-0.02086664398617778|0.0036173498971929377|-0.0025470093502180666|0.020901129838596842|0.9997717591003266|
2.5450345465424355|-0.05638406204210119|-0.018320561016560048|0.0024538001245408237|-0.00360130857303921|0.024677460697327003|0.9996859668791207|
2.6180010336208253|-0.04821856899017644|-0.03298702666663887|0.0015179474243620051|-0.004586832249092664|0.028708960822480846|0.9995761363568202|
2.6850744611749735|-0.040496250792757406|-0.03716155911072445|0.0025408512349030022|-0.004112533702146015|0.03244095278635747|0.99946196312009|
2.7463972367765295|-0.03884565750693455|-0.02511963596238664|0.0019432322221914918|-0.0033455376644364702|0.035075939667368945|0.9993771608770722|
2.812993967914175|-0.03294046898937169|-0.017170706257021186|0.00024333341747162453|-0.003636092423970656|0.03687491553034603|0.9993132442959826|
2.8896668355375983|-0.02292529758145537|-0.0203884728447617|0.0009852252153749466|-0.004381291002600898|0.03884111226758294|0.9992353084325243|
2.958222306736085|-0.01618833492844033|-0.027942368286512975|0.0008148192378693277|-0.004751724352581604|0.03939622058771234|0.9992120370515413|
3.021587920362198|-0.011914525707497277|-0.03189685998986553|0.0013537249599098113|-0.0045873767058692205|0.039408117448738886|0.9992117511733131|
3.0839055280755554|-0.00768233576945759|-0.03157082035225577|0.0025350388492041366|-0.005214162123482041|0.03951639812498063|0.9992021018645882|
3.159973158052018|-0.00579672865541765|-0.024638279330398773|0.0012268799494202847|-0.005576161161279609|0.03946272321096966|0.9992047311082284|
3.233202773732504|-0.00035502258068117413|-0.028966037761854416|0.001422844305015475|-0.005593422131661671|0.039335456275735654|0.9992093929815314|
3.3020369428464353|0.0030304341583184255|-0.032674552905085766|0.002426052646468042|-0.005596640171330188|0.04074801213880408|0.9991508351565768|
3.3716885391352887|0.004476661825297871|-0.029871250408714828|0.0019264872523540517|-0.004609842672474917|0.04314532756628467|0.9990563140817438|
3.4478772048798714|0.009181405118581093|-0.025018035389575408|0.0015204765406466175|-0.004225893751743695|0.0455773893352966|0.9989507152780197|
3.516226013840777|0.015567450966026316|-0.025160945867802296|0.00226392818862775|-0.004397596033126547|0.048199518905861966|0.9988254813307126|
3.585568469630543|0.02382780214684957|-0.03495064971294146|0.0030511897908409276|-0.0045557603859335835|0.0518901970945483|0.998637743495435|
3.6597170711258413|0.03708173528947971|-0.024432738467219522|0.00021778961971315424|-0.004174364530253389|0.055027845790389496|0.9984760705375559|
3.7308676713398654|0.04209003145099244|-0.020964466956065207|-0.001798162389445669|-0.0037336748173273718|0.05822883082624355|0.9982946606813983|
3.802068958616044|0.059721764768740956|-0.020020969222135743|-0.0018827058588047044|-0.00348624628360704|0.05995777800158834|0.9981930506483258|
3.872315976678666|0.07054960580137914|-0.014346347795191595|-0.0016960207632065853|-0.0038088794052420563|0.061165730832648625|0.9981189154218826|
3.9429819576515706|0.07730883452376767|-0.02481848791741243|-0.0012964328513720876|-0.004000732636383256|0.061366941087122734|0.9981064131353149|
4.022383302465759|0.08340443761119702|-0.02614640448046246|0.00023081800730186935|-0.003994344507326428|0.061087990922051055|0.9981243656479449|
4.094112664770689|0.09661128155040163|-0.02828628665740217|0.00021991097646955238|-0.0046131327215151625|0.06057620329761512|0.9981528912144183|
4.167022462076207|0.09873599853410454|-0.029538041974591613|-0.001422609663098529|-0.0049022026641192965|0.06030051947839714|0.9981672164228907|
4.2329092068576655|0.10468159599842171|-0.01421444646855842|-0.0024519966771554868|-0.004255577734069314|0.05976244763749691|0.9982005447918868|
4.31141387881797|0.11529094370301804|-0.020604316981712396|-0.002120293580873381|-0.0045428258921808165|0.05935395538508231|0.998224411176259|
4.388832745872708|0.11724063915907058|-0.021184424101501512|-0.001062172151681857|-0.005073958179880187|0.05844071119741395|0.9982774213681537|
4.458798727706335|0.12384632807944085|-0.022155020954584662|-0.001976889295397018|-0.0054037121930789475|0.05700512658228098|0.9983573044489561|
4.53612288574976|0.12196260365490644|-0.011919745370723015|-0.004338230880263062|-0.004911168474319483|0.055485265189501996|0.9984380028443917|
4.613040749662426|0.13195986015625893|-0.007819490260071428|-0.004145116564593141|-0.004880381743357709|0.0540369710384874|0.998518405260359|
4.686429066601404|0.1360523384071813|-0.006869703871381768|-0.004101445831072929|-0.004891595200640467|0.052689799020660774|0.9985905244481598|
4.756565551993498|0.1430567970341262|-0.0028250087465234957|-0.004134130263912028|-0.00516430286157628|0.0516964830093754|0.9986409327618093|
4.831818065441931|0.14392364447353115|-0.004418313567593903|-0.003798598881779845|-0.004937400998089211|0.05101257140592938|0.9986785820655583|
4.91410026990328|0.1442298634257716|-0.006433360621068657|-0.004764267627283424|-0.006031222021753645|0.05016554888243635|0.9987113415898629|
4.99072624373765|0.1529504431276229|-0.003691931692847255|-0.0035938826266098886|-0.0064095558364439765|0.04917365579924717|0.9987632117659234|
5.065222802211989|0.15890729956201363|-0.012998262966507567|-0.0028680524588772125|-0.0069281537083445005|0.048151293208056674|0.9988119081807537|
5.143256122031703|0.1633330629265337|-0.016105571741989295|-0.002764065700855244|-0.006466876097030176|0.047040862993497294|0.998868207854857|
5.214540083917605|0.16540435346978086|-0.00850296713754958|-0.002808264119173646|-0.004979630547494371|0.04587600861591756|0.9989307827701176|
5.3037360926830575|0.16959258589642473|-0.0039133949135135215|-0.0017805878740024049|-0.004397139001258249|0.04558323185019823|0.9989492798183084|
5.382013333293535|0.1763589518502936|-0.005318119272492743|-0.002098287000977457|-0.0040612225585299|0.04451718177226739|0.9989981602535845|
5.459936324350821|0.1762836354759545|-0.009603897855695646|-0.0019700590813074093|-0.00475990801947045|0.04371986325612111|0.9990305479312072|
5.539175207330646|0.1783920777587524|-0.00465712393101645|-0.002691947630811277|-0.0036929591147864906|0.04288782591661828|0.9990694419604053|
5.620824557307107|0.1813305382337438|-0.009588693954581283|-0.003058983482618431|-0.0032726873742052283|0.0416665640469958|0.9991215289332532|
5.703772790576134|0.19401423348745805|-0.005343879279504052|-0.003035294799412064|-0.003311387071372829|0.040597027117745356|0.9991655033528457|
5.788998913771069|0.19274932128728103|-0.014653956507325852|-0.0018391207052399004|-0.003132587765613901|0.04019328239669603|0.9991853204381564|
5.872134552885399|0.20029266724520936|-0.005094836957163217|-0.0005134240579114901|-0.0019196026093064914|0.039805325224819436|0.9992054781701842|
5.962228112650247|0.20598382541250343|-0.016418907623373644|6.035380092732602e-05|-0.0028431245253355223|0.039171039711389105|0.9992284736977225|
6.05110548148041|0.2128297310645594|-0.011963239538440007|0.00012215262527151763|-0.002582227276653443|0.03871088837662082|0.999247108728427|
6.131851036580984|0.20981471340607918|-0.010012431341084514|-0.0007785400325683371|-0.002735179835294471|0.03856417014201537|0.9992520790310845|
6.218078823870299|0.2125793901353097|-0.0015571210861783696|-9.214561057877066e-05|-0.0019673725385652634|0.038987112278081465|0.9992377725199829|
6.305550100775887|0.228538538973788|0.005717650053266804|0.00011040238103113203|-0.001658181933547773|0.039198420206699044|0.9992300646484218|
6.399435276716862|0.22442873732487723|0.006688956803036293|0.000599373892667553|-0.0018613137533683422|0.0402266099979328|0.9991886689260053|
6.490932235510082|0.23812691546795825|0.010685262165765064|0.0020917556631560963|-0.0012679032362881701|0.040852982328796736|0.9991621744313941|
6.576771871854329|0.24887774080217723|0.00478538382759067|0.0009757692456334952|-0.001546296729777647|0.04189863966377318|0.9991201933877266|
6.662714009567047|0.2483446686890668|0.01546771478271408|0.0010956149463778682|-0.001363300425536831|0.04350715423882853|0.9990515845389953|
6.749750454913339|0.2541064496923911|0.011448547077491891|0.0020116488076763173|-0.0023802048253445344|0.04500991082277712|0.9989816794224955|
6.843110682511846|0.26860295475584617|0.022418962673747884|0.00244757257050779|-0.0020237733281860634|0.04637840541148661|0.9989188942259108|
6.927849273550706|0.26796842080409694|0.024684555727222657|0.0030934435414365453|-0.0020621498561135872|0.048431434456351834|0.9988195904674305|
7.023893923256751|0.28126796799393744|0.019619474515110702|0.003033200759406556|-0.0024234608608232826|0.05016021902145852|0.998733637642354|
7.119141998927851|0.29542380082671205|0.026855437918423063|0.0031844471785986797|-0.002545269055984115|0.0533135217404236|0.9985695014876192|
7.2061568207278395|0.30389625722418956|0.015822390160749294|0.0032477848589756273|-0.0031407385301869626|0.05790390488222627|0.9983119379504508|
7.295605035590011|0.31883615627443285|0.016142136096602793|0.0023319266135101136|-0.003869518948367784|0.06251728890855628|0.9980336555091223|
7.395572679372548|0.3354049373945891|0.011928827270399414|0.0034244426427607368|-0.004182620502624749|0.06714685099271178|0.9977284596923555|
7.4790396261822405|0.35202778542121077|0.01003280828764176|0.0026070508967970135|-0.004563420589894947|0.0721402140055033|0.9973806535126802|
7.57421319685116|0.3736299832872892|0.01795808694948935|0.001463108460081797|-0.003972951986277251|0.07678636288950737|0.9970385797151231|
7.6495189780986825|0.3875438415231333|0.024589604365114145|0.0035059457049568007|-0.0026222179227365326|0.08181127836187821|0.9966382227522053|
7.739090303618798|0.4062045610785738|0.0209915121940284|0.002633209970444019|-0.0037346881854917213|0.0864545557987322|0.996245315216615|
7.83577666461217|0.4158371382775383|0.025046729088448932|0.003039540104817277|-0.004818613281515086|0.09023143734853441|0.99590452849458|
7.931992945868473|0.43911143621494414|0.029980548061740057|0.002140235012680261|-0.006034362495200466|0.09301776898908123|0.9956438622899558|
8.026368548023845|0.45420126894600354|0.032433570204477055|0.0024554335826115436|-0.006979282516874641|0.09550930813739503|0.9954010410485752|
8.116587459791308|0.47368346314376225|0.029952412693009918|0.004547330753712596|-0.007125705100705357|0.0973983821293771|0.9952095765558195|
8.217787906745212|0.4931492438445296|0.027239584987705776|0.003595665962101029|-0.007544839786486675|0.0994882887613994|0.9950036316407158|
8.312253738372366|0.5114272077049693|0.03050981657306606|0.003006335980494421|-0.007807383248667997|0.10178216292335417|0.9947715305643928|
8.407063693628237|0.5360578833323354|0.03187180903486609|0.003007571028368233|-0.006790806587564659|0.10380874053002644|0.9945695475189097|
8.50342642034522|0.5570833900460115|0.043018896667832554|0.0017482197136263926|-0.006102633309625087|0.10613391496352147|0.9943315813595773|
8.598715751186523|0.5722954294237271|0.039797418647956995|0.0005293234346319968|-0.007353183057620191|0.10826611452955404|0.9940946126804509|
8.686425196001133|0.5913939381936248|0.032616623314139996|0.0011879333530439332|-0.007086856617351545|0.11067424288260908|0.9938307588518253|
8.782875874326345|0.6129334660252628|0.03604771337742024|0.00078189695729112|-0.006379269158754058|0.11291703587976767|0.9935836334049971|
8.885435397722423|0.6405141417054899|0.03570732240832368|0.0022354048740333833|-0.0061038113759437585|0.11505021670070309|0.9933384086447368|
8.971135398177303|0.6588281618634356|0.04539299372347724|0.00380030966378552|-0.005978571725521207|0.11725192662625236|0.9930769356041923|
9.062454152889766|0.6786971841955404|0.03826200579936374|0.0016615514537166739|-0.007543561635193273|0.1193271606386038|0.9928249405905109|
9.162593903517488|0.7023574868611148|0.05800623035158918|0.00013516407514958356|-0.0071221975706894265|0.12121188241393506|0.992601095906159|
9.25672451041753|0.7309300579974362|0.05002472204113754|-0.0006033135464544972|-0.007553199780274708|0.12360727035793978|0.992302286554104|
9.348768769854667|0.7527380198229047|0.048739461758499115|-0.00022370204721594664|-0.007770041891064273|0.1256231618082268|0.992047578306459|
9.44588389499126|0.7781583303520532|0.04173605356888306|-0.0007866367987892415|-0.007453246555949019|0.12746384862344765|0.9918149008824285|
9.534380807972521|0.79842908824391|0.04681244810373544|0.0001547633668254918|-0.007341082782060597|0.1293035670162732|0.9915778699168086|
9.63247723996318|0.8188272377963141|0.04676235904883231|-2.8720325145678898e-05|-0.007801143651094283|0.13134265301516218|0.991306334506048|
9.722649614921949|0.8486817862104665|0.05038822340715794|-0.0005644592628616283|-0.007321170213838946|0.1327152643678136|0.991127005209838|
9.817833255106384|0.8699938540744091|0.05156365322649484|0.00016526697429129216|-0.007335966905440947|0.1347464128922306|0.9908529459455963|
9.90442264599344|0.8996330640412915|0.05091982264347145|0.0012084844816480237|-0.008230067230803455|0.13610692163074434|0.9906592307361989|
10.005622955330546|0.9252488366463705|0.04826823903379636|-5.317606868859498e-05|-0.009789739533182162|0.13723217151635744|0.9904905296231171|
10.103741134252399|0.9541951552111788|0.05282473390527537|-0.0001075433961183452|-0.009235140463743194|0.1369541189508021|0.9905343355570482|
10.199465327471453|0.9806663388151805|0.04960554880384625|-0.0002638461718571726|-0.008513899493659008|0.1371581352197505|0.9905125389633642|
10.297349676618035|1.0034556759465412|0.05787238589791754|4.005624442600249e-05|-0.00822487606586566|0.13748847372659462|0.990469216786433|
10.395291986410504|1.0282068131338746|0.05222311110154445|-0.0007945483883664611|-0.008379420947724824|0.13732392550788117|0.9904904307869639|
10.490855818465329|1.0558939500785691|0.05681812393106465|-0.00025079866637759573|-0.008112989140070718|0.13749054714571127|0.9904698208187946|
10.585241003394701|1.082205536396076|0.06055125672469859|0.00017474342748624453|-0.008044446393792298|0.13791981875899817|0.9904107127552876|
10.683536840384557|1.1051009479130782|0.07126797468929601|0.0004895479880547151|-0.007991213386112323|0.13808688880494865|0.9903877584015032|
10.778638653715825|1.1229975946548847|0.06620388484025012|0.0010541011861821084|-0.008386293190016424|0.13885204730447512|0.9902770662378164|
10.875460203827851|1.149020260423548|0.0625536316487321|0.002280526232076099|-0.009661994956454078|0.1392639292036623|0.9902055357734191|
10.96502453625461|1.1824186890834067|0.06922619896851959|0.0008638075696768146|-0.009643172519742631|0.1402269682136368|0.9900720481085449|
11.067658821542652|1.2071291554576997|0.059756684121801865|0.0010365044917645242|-0.009206506838316171|0.14209404735856532|0.9898098037479406|
11.162908716549293|1.2311742162274468|0.07072897238385237|0.0015482274615559643|-0.00920905530818328|0.14378518501878332|0.9895648623820337|
11.266226574080543|1.2655776539498613|0.0752418381488888|0.0028272771035227373|-0.009247536850524127|0.14541089542045157|0.9893240930349373|
11.356126241506914|1.294997253281742|0.08370516201717214|0.002551915769434577|-0.009601401999504438|0.1471613961772611|0.9890625987674941|
11.451924352189849|1.3216188796784862|0.08105746936804693|0.0020202824564384617|-0.00877848324900156|0.14894157746827108|0.9888049672164404|
11.550777675542136|1.3491985926582195|0.0821984226448039|0.0031323269702734496|-0.009199878054950006|0.15075800937941775|0.9885229250652109|
11.642089688108017|1.383290735635746|0.08274102596238994|0.0025823171983697813|-0.009803337756196037|0.1521487641814687|0.9883056105096117|
11.737490576971478|1.4064880505702115|0.0849626119548532|0.0027694584094959166|-0.010537383550955818|0.15402790058662288|0.9880064268459468|
11.83681398013534|1.440878067995592|0.08221251891265569|0.0007720041736542271|-0.010625932733831528|0.15538636344223422|0.9877963209180777|
11.93393031296739|1.470664917953535|0.08491887116603261|4.707767620835378e-05|-0.010027180069464842|0.1571169614551088|0.9875290952000659|
12.033773811324764|1.5025200285491418|0.08561000657352372|-0.000401089519550672|-0.008465550046393131|0.15861120844930812|0.9873047443134569|
12.131405192103436|1.532210079535887|0.08212392297523924|0.0022046343215479944|-0.007643739097562344|0.16066342619489574|0.9869771913896662|
12.231809736954395|1.570023498754441|0.07959478299888155|0.0024139143739087686|-0.006947831447381701|0.16079970902815005|0.9869596517751049|
12.325874430440685|1.5940899782683262|0.08846959815421357|0.0014405468670804682|-0.004797495877500774|0.1612679026622012|0.9868979544152293|
12.41852085239588|1.624144317975394|0.09394506314139278|0.002420133365205518|-0.003869564433736245|0.1613423644914721|0.9868879423956342|
12.516476709889744|1.6529490189782012|0.09745126242738672|0.0019688375069351048|-0.0044405355797672505|0.161181921561729|0.9869127588010526|
12.616609295311044|1.6815153400515426|0.09321786711405039|0.0017846358823095326|-0.006367193451759821|0.16072868110229813|0.9869764764134108|
12.710120171185736|1.7096990221068553|0.0921137359449296|0.0013627746149588865|-0.007338248759865055|0.1603861163448188|0.9870261327008081|
12.807621524375742|1.7397330242259792|0.09874252103859663|0.0010739408322867677|-0.00789187429386736|0.16018845805147114|0.9870543160729863|
12.907348290966706|1.7725801186084722|0.10612581966966676|0.0020283206837251773|-0.00769229484330495|0.15980137155003687|0.987117133964341|
13.005504589473619|1.8046541808247818|0.10525718606789786|0.001484492739500971|-0.007055624738061661|0.15942569085811936|0.9871836017353984|
13.09608444131685|1.8340131564196718|0.10819724201768798|0.00044223961730580633|-0.007689874628591971|0.15883384597512182|0.9872752805702515|
13.198137447773028|1.8664859158279772|0.11402393836320358|0.0007052410507171194|-0.008381389184451048|0.1586738233645463|0.9872952307842251|
13.301662660050566|1.8899100935286717|0.11552014536634538|0.0003902984905944264|-0.00788119457622723|0.15856854519164904|0.9873164390989063|
13.398301303641622|1.9193720391954763|0.12788915748303195|0.0032262546112540084|-0.00824844651489617|0.15854600665912774|0.9873118647032042|
13.504734845049683|1.9426088916052797|0.12001512083267049|0.002506232620644636|-0.009271047752039201|0.15884936718741618|0.987256119259733|
13.600760958071087|1.9734427962502818|0.11896222718581083|0.004317715814342782|-0.008982709021662654|0.1585407676931665|0.9873021286556815|
13.700906954238757|2.009710968273193|0.12585154089468378|0.0020017354648712684|-0.009065936875377857|0.15729739612519095|0.9875076359279126|
13.801529640671601|2.0372809750578296|0.11649865416747095|-0.00020625077710983403|-0.007952298736218085|0.15727302315986755|0.987523121041519|
13.90498105560693|2.0683704179233096|0.11870214994121842|0.0002109281687741641|-0.007255258066295388|0.156817999240344|0.9876008464222549|
14.005224792009372|2.1026499168064583|0.11083177528905735|-0.0010082140247683396|-0.006894766437738204|0.15631418509360753|0.9876828039602443|
14.10574279589272|2.1315701950214425|0.13834287464601222|0.000537826781675024|-0.005496859127619228|0.15616096469331398|0.9877161780532593|
14.206217137290121|2.1593746082654923|0.13250744819735688|2.2341400892907502e-05|-0.0033842746160707786|0.15610516397666674|0.9877346424855222|
14.309706788933008|2.1825051109503635|0.14069000198206527|0.0009804801772302916|-0.0029279327941817684|0.15514441267272625|0.987886975865463|
14.408446672647765|2.2079899009903827|0.13867718128033799|0.0029390074023108075|-0.0027209095118134376|0.15190948577946606|0.9883862944300353|
14.505856880970814|2.228794200934889|0.1374659042035975|0.003734552367974155|-0.002217129026416721|0.14820322708898512|0.988947390379236|
14.604771045769283|2.2526455992686754|0.1492823080546284|0.004291319691606337|-0.0032183940748255918|0.14442290332570962|0.9895015166789064|
14.705715887832058|2.268178898926834|0.13349061673540386|0.0027446152473070925|-0.006796486167607499|0.14104297941419836|0.9899763395257909|
14.811455735543953|2.288606898739897|0.13720316267171576|0.002929062417676347|-0.008265141591861837|0.13672035911976418|0.9905708714826932|
14.917392784163427|2.314000220382117|0.1402828452801314|0.0019683766663664624|-0.008504920834589537|0.13306618493835337|0.9910687071242079|
15.020094329628837|2.3321528015462354|0.14067771901284393|0.0020016180338547633|-0.0090159617627858|0.12974324553471536|0.9915046122922762|
15.116598489883637|2.34931775466369|0.14105780800314224|0.002048111121887914|-0.008292269119196035|0.12636953810585994|0.9919464619386466|
15.219799324048255|2.372336106030691|0.1307336390342005|0.002074966601451763|-0.008835418771094177|0.12364234908931092|0.9922853417240526|
15.329995977608982|2.3853573462740854|0.14100603703046757|0.0033373397556185776|-0.007484047559528713|0.12189568400729661|0.9925090898404283|
15.424757674227687|2.401000127478929|0.14136645324593314|0.003625201487654583|-0.005459370026207497|0.11977242402189058|0.9927797437684812|
15.50931217115344|2.431803451413244|0.15477371116248986|0.003141544639059785|-0.0029221009100917844|0.11852672822696558|0.9929415928036067|
15.608473719037386|2.4436595165527355|0.15084017431119628|0.0023362054797818866|-0.0029636497786125478|0.11792676854994263|0.9930151238442015|
15.71627690995751|2.4692995023874524|0.15394614497861092|0.002355176105291288|-0.006127903412539568|0.1161729741132273|0.9932073006331396|
15.825133340653814|2.489370352662729|0.14107666603851277|0.0031609060067463524|-0.01047886301380625|0.1154298537213328|0.9932553302011657|
15.92931583374329|2.5095696337946607|0.14907531584354997|0.004512726879697471|-0.010207006790335729|0.11438976373830101|0.9933732602906056|
16.030980389847837|2.524882600842687|0.14520994364941925|0.005446624699453637|-0.010385177162649504|0.11328334814560398|0.993493515533748|
16.13532447983873|2.5390041739952784|0.15654918118672478|0.004459078711300016|-0.009718394677961295|0.11225003356921454|0.9936224632050344|
16.23542299884704|2.5602263558403298|0.159153628966446|0.0057137879351307035|-0.010469960095659463|0.11067625215393291|0.993784936378182|
16.338875800142464|2.5771427774162423|0.14992323683777387|0.004981799926186914|-0.011524584021738529|0.10938187719614144|0.9939205051580684|
16.437564446253745|2.599597476732119|0.15835292417965408|0.0033723780453082173|-0.01068776162577218|0.10757421819429154|0.9941338875612464|
16.533666156750378|2.616010743755689|0.16132708087264097|0.003414447497876435|-0.010146365066874762|0.10685909116747189|0.9942165395219875|
16.635542588766064|2.6349552547008708|0.16672125273378824|0.0034233391603324874|-0.009941680255273373|0.10556132873165391|0.9943572042375433|
16.737247648577114|2.651815829360183|0.16927474600740522|0.0032458165835772966|-0.010523749508148102|0.1043530951018788|0.9944793345835065|
16.83424275596627|2.67649652326832|0.16679652117478097|0.0030878085142174118|-0.010846343115592412|0.10315105975970983|0.9946017701321707|
16.939761007129523|2.6903202705796727|0.1618950551619968|0.0032611832607107403|-0.009814151596615804|0.10225918510326958|0.9947040294349838|
17.035830694836633|2.7009851767566393|0.17510551932464385|0.004568827627974844|-0.009192182680709883|0.10192679800418744|0.9947389393405106|
17.137110154954946|2.7122471015213097|0.17842614163583506|0.004554087098470361|-0.009251673614767782|0.10093686784065481|0.9948393918299292|
17.23883549850226|2.736369532238943|0.18756663129477502|0.006119354905965657|-0.009225348397517218|0.09948435647257972|0.9949775420881196|
17.340765001977307|2.755137156664055|0.18242983429748846|0.005066874915398779|-0.00933559865645436|0.09760152793425035|0.9951688877377636|
17.441027697583376|2.7690478136200434|0.18526291881737406|0.004940369318803792|-0.009271708740437324|0.0963680007909339|0.9952903277896278|
17.55087010268583|2.78488683467796|0.1799470600466122|0.0042124520976237635|-0.009605661010667697|0.09529981415814043|0.9953933553853456|
17.655446123797898|2.8030986411034204|0.19192340027098717|0.0038234910990525353|-0.009916015115369912|0.09377709507646478|0.9955364935546394|
17.75682959609526|2.81322879314114|0.18506673873080964|0.0025307332979478147|-0.010598196911899891|0.09271891493118219|0.9956327015647767|
17.86232545394737|2.8288668609442436|0.18632574831786228|0.001999603576842409|-0.011241956527659433|0.0911548706085438|0.9957712636762046|
17.961866040739295|2.847089035110957|0.18971770525750703|0.0018536123825043944|-0.011746531152195273|0.08991978233729034|0.9958780125454322|
18.068890040108865|2.8589013311068743|0.1985890986157916|0.002473812159353264|-0.010781082193328585|0.08927130829219618|0.995945923248818|
18.17343224409597|2.8692727503743685|0.19847941885527096|0.0038617710571127993|-0.010973972193990812|0.08816320302899167|0.9960381058424704|
18.274971535507284|2.8824454396679213|0.19336448800550413|0.003449466657815021|-0.010800952669817052|0.08686827356344448|0.9961552808921447|
18.37883976463129|2.8915852672212705|0.19441231743722354|0.004322598112685788|-0.010056124012892397|0.08525078759069683|0.9962993991419246|
18.48475654395837|2.9024919907978144|0.1883290550804675|0.004727197828880882|-0.009097177771877477|0.08245900684119664|0.9965417237366616|
18.583007085386384|2.9177377945137164|0.21220146777828292|0.006117414748771778|-0.0059735883768260245|0.07891457618981194|0.996844713655782|
18.67850989110174|2.9261753256893575|0.2072341551032194|0.004365393184180746|-0.004257933264806369|0.07559248548729011|0.9971201479683948|
18.7762530143126|2.934139452860298|0.2063413600302983|0.0045461375499075245|-0.004859405321417481|0.07317522830705032|0.9972968990102749|
18.885718184577346|2.948000788384011|0.21482334884913135|0.005703911856908211|-0.005473115392295711|0.07123442916321265|0.9974282763683927|
18.98924546533476|2.9641303829319026|0.2091542097451738|0.004928331007936413|-0.007544120470177196|0.06940739905265172|0.9975476984869213|
19.087468954344427|2.968082103507248|0.2211335328989392|0.005227278440429904|-0.00796056224988301|0.06734506334247863|0.9976842924754152|
19.190677367472304|2.973737790105515|0.21258022637357385|0.004233569915361925|-0.008778069444441003|0.0651713502710474|0.9978264966848941|
19.29479009711934|2.982873098975868|0.2059871642272788|0.0033802958324629733|-0.009429769269789669|0.06300720254189245|0.997962797643003|
19.399570264349098|2.991782831638064|0.2001656002893773|0.0025388756101595786|-0.009399838730541236|0.060648281570464334|0.998111708720535|
19.510898422616833|2.999941301657419|0.1969455951222659|0.0007923877616444629|-0.008431845437624054|0.05738179662615778|0.9983163854811286|
19.608348020808112|3.004563008876914|0.20647441865258784|0.0020127468654471425|-0.008941997979416208|0.054211671593478485|0.9984873981103778|
19.710944830433284|3.000902252864323|0.21034941787134334|0.002288361717736563|-0.009063716974808525|0.04997743457260088|0.9987065977897566|
19.817138298791768|3.0052039795877854|0.21359680760095082|0.0034171800468787285|-0.008980841471175133|0.045931858469636606|0.998898359065887|
19.921140908354822|3.006238543386226|0.21478030305960918|0.005914465769971518|-0.006827843273813187|0.041610032955374444|0.9990930911623483|
20.015846852196315|3.001957809374006|0.20754285748361506|0.006312926279749544|-0.005454836697819208|0.03765065755827272|0.9992561331829877|
20.11617990582292|2.9966821378778206|0.21786760190405227|0.007851593136068482|-0.005731404181027441|0.03378428075088164|0.999381871891563|
20.201868293568378|3.0002079052405155|0.202266568000166|0.005378071965741485|-0.009925842017636894|0.029736854149942267|0.9994940087401409|
20.303108835581877|2.9957725866088465|0.21730108334094458|0.005616812678514533|-0.012298423754170467|0.026705646416712886|0.9995519039239347|
20.40955203593975|3.0064418222528997|0.23032466522847658|0.004892520118268918|-0.012558209075510413|0.023739014337716906|0.9996273374763125|
20.511428052746773|3.0027618746643108|0.22879063751106155|0.00444948809043788|-0.012516358416255289|0.022227729622098173|0.9996646792117727|
20.613414876296698|3.00277843068063|0.22570761827431282|0.0049505065293330335|-0.012562508505668363|0.021325650924788525|0.9996813954844723|
20.715062718786893|3.0034557608564167|0.22118382974173437|0.005101254256889826|-0.011774717331796178|0.02033559903997366|0.999710856522249|
20.830219671557717|3.010055850704463|0.22678742142154584|0.0037992174730442016|-0.005570026703108732|0.018998969888338046|0.9997967692947907|
20.947711986759312|3.0028323409514295|0.23404927781256754|0.006998671185433315|0.0020983910050599366|0.018647045328122815|0.9997994314148007|
21.051914908405365|3.0022227552434013|0.23105825522288673|0.009042235537674278|0.00721415727520035|0.01842804059707417|0.9997632725955896|
21.15019009325018|3.0028604806458334|0.2226743282275689|0.009987966648177487|0.007164284019545966|0.017695541329702857|0.9997678637432644|
21.250622459732732|3.005989852999679|0.228261157436437|0.008863907286074588|0.0042276149505257946|0.01711505008633854|0.9998052977855222|
21.355489553694987|3.0074188054697832|0.252862026982391|0.010789603319031655|0.0023191360048778155|0.016477254306836615|0.9998033337406493|
21.455013218952864|3.00068218326579|0.24929496512376792|0.009939282014509205|-0.0026446948684746546|0.015638515420875597|0.999824811203203|
21.55706057935063|2.995169358249588|0.24221540875651487|0.007406760280402404|-0.006238159044416048|0.01449280225369058|0.9998480804385842|
21.659131377502536|3.001714114594747|0.24395427802950015|0.007945287212911104|-0.00628854947987237|0.01386789766156534|0.9998524931063538|
21.766363495898407|2.9932660298547944|0.2351062820153353|0.007775444659693938|-0.005362503291008277|0.013587511161457759|0.9998630734051711|
21.859857685159486|2.990098647611178|0.2336906232797966|0.006148599061514745|-0.005717774635451581|0.013050180661193126|0.9998795900344745|
21.965249593745398|2.9904397187327922|0.2515040321382996|0.008507894354653657|-0.006108230347281722|0.011890858291571327|0.9998744484907915|
22.077105829774037|2.998320046937333|0.26601886652332823|0.012498692938072103|-0.006102481351588755|0.011126538728886973|0.9998413586825201|
22.176347306803255|2.9958966536573524|0.24954014637797978|0.009879691055571222|-0.00613447976664684|0.0104490106900573|0.9998777815504439|
22.282377565359436|3.0020211831340022|0.24775360769370297|0.00628128485043956|-0.005246831428573155|0.012193366389760367|0.9998921632039496|
22.378946936276588|3.0027297684521375|0.2639341325711938|0.007602504616291803|-0.0044286636753230095|0.014458418007206738|0.9998567612464992|
22.49173523616047|3.001153008910227|0.24507209066869073|0.006229097774186825|-0.00652813515958972|0.016861087449727898|0.9998171260396926|
22.59237909598479|3.002086684227815|0.24718311519871924|0.004384888012891014|-0.006535630289664326|0.019191970902956317|0.99978484012646|
22.700311548582462|3.0030988962979186|0.23890201543292677|0.005654813297426676|-0.006507527566860084|0.021583150899030835|0.9997298849033213|
22.814057564529417|3.013670094359869|0.25772662487239273|0.0078097319108471055|-0.0054457542217083805|0.022139880490769825|0.9997095465885539|
22.913229378548174|3.011124446073829|0.2601913595968247|0.008319121190597953|-0.005362593172551179|0.02229260211568981|0.9997024930988188|
23.019795802448947|3.0086081465654226|0.25260828045853523|0.005707026252918938|-0.006378811265348645|0.022245851800211363|0.9997158909889706|
23.123396195008358|3.0140549642056302|0.247893047954994|0.004222844838994295|-0.005759117635771346|0.02191151596404277|0.9997344075371619|
23.23560329776938|3.0151147117035833|0.25605674892723607|0.00339439942319725|-0.0052264340287777105|0.021858501799814085|0.9997416507973276|
23.343855446274826|3.019782676270214|0.2673333879323151|0.005341484910670883|-0.004302512553433704|0.021808800441015075|0.999738632417494|
23.4555991390834|3.0236136202362385|0.25596665307528016|0.005198482771732257|-0.005299114087986588|0.02141046587296975|0.9997432105885273|
23.555367950632853|3.0219246574961334|0.25901724633060985|0.005440639285116775|-0.005545353172133992|0.02129854374669388|0.9997429772379676|
23.66294521632517|3.022254047308589|0.25704698368333856|0.0046382673447865315|-0.005404317672031443|0.021152233104000957|0.9997509004053218|
23.767860091688924|3.0265707495740264|0.2645049385829224|0.006741924343559332|-0.00438744678552504|0.020581451460678128|0.9997558204994969|
23.86827003142016|3.0282961077798918|0.274103382167265|0.00645331224509329|-0.004837053724629796|0.01979153100294518|0.9997716004032583|
23.97352274446862|3.0298914847488887|0.2682767680939761|0.0054382314103035125|-0.005596258168629382|0.019610099436905285|0.9997772509582883|
24.08180896007055|3.0301287063766287|0.27688252213317976|0.004985135287806664|-0.005693018338023932|0.0197914470625346|0.9997754930940926|
24.192747780546355|3.030900749364803|0.26950748123242596|0.0028097897491729047|-0.004947357368628345|0.019550180605864227|0.9997926880983428|
24.29288626740435|3.032435110373371|0.28557832529567534|0.005290302974449397|-0.004086572806821266|0.019319080409570557|0.9997910210385279|
24.41013275142802|3.0345884751702523|0.27919528524503084|0.006305688345633729|-0.00501162190837783|0.020972678307306033|0.9997476025002281|
24.519043904092165|3.0400031145966806|0.2913112372620566|0.006704297370898652|-0.005393366221987366|0.023704064718180717|0.9996819900915462|
24.625254061563872|3.041167504439692|0.27514549058449767|0.005744268888172283|-0.005732775421419278|0.02685401666197641|0.9996064227734962|
24.736627897036026|3.0475358211353485|0.27199751748464934|0.0051201781704036785|-0.0040929140963551665|0.02896158904436376|0.9995590318684177|
24.84332803337923|3.0541486809603677|0.28321209703228517|0.007224459660079212|-0.0028429375435577832|0.03152643776782979|0.9994727653170017|
24.955342427561206|3.058941155574227|0.2814739786876331|0.006878857204378094|0.0002482261271212459|0.03266714196839785|0.9994425834148593|
25.062926539967734|3.064542890706823|0.2931370756872635|0.006582012635893395|0.0020193037624738207|0.03306436973471833|0.9994295107590235|
25.16290430097946|3.071178116296999|0.29884441174209314|0.007022941849115251|0.0023100978876573306|0.03269226777181416|0.9994381208276323|
25.270523102586257|3.0727002241454495|0.30434654614390894|0.00782427962071462|0.0015459900233470544|0.033193910928288245|0.9994171075384639|
25.380026255382987|3.0821929378179997|0.29501181796759424|0.00695671298843283|-0.00014775912226106652|0.0330276707450178|0.9994302153111025|
25.48618647719787|3.078400440944957|0.2930827095814326|0.006810516285414256|-0.003965754203941966|0.03284545616204008|0.9994293700262302|
25.596197611414013|3.0793131394532782|0.2889261756812262|0.006411065627388607|-0.0056277154824361094|0.030585383726670686|0.9994957535468888|
25.706834195990176|3.0782604948262287|0.2887418840931808|0.005184775546015037|-0.006475747863905766|0.02571166846703348|0.9996349798285279|
25.82536374507352|3.069946232385134|0.2890165634222821|0.004203056441700227|-0.007116120941249356|0.01961124917652123|0.9997735213762334|
25.92817153307451|3.0696087601237467|0.28914182666105714|0.003511932542610687|-0.006875274258121962|0.013854739949422722|0.9998742136462098|
26.03740740907287|3.060881543840678|0.2937997786016406|0.0033219661182162445|-0.006350350002588496|0.008277719339101692|0.9999400566826478|
26.136218381221354|3.0589694244689793|0.3031126863185415|0.003211891341766254|-0.0067707330411974605|0.003192167720085941|0.9999668249463781|
26.248893757788466|3.0443473748477237|0.3045889136240276|0.002776404023183008|-0.007287159773599569|0.0018042072879669417|0.9999679663465206|
26.355006530280612|3.039582989727486|0.29690877473469246|0.0032534770137338507|-0.006921706247437545|0.0009016206999427978|0.9999703455353356|
26.465050578332857|3.035080932945475|0.2988506302591013|0.004610728665311426|-0.006461130914713715|-0.00011900620585148652|0.9999684899065576|
26.56833119206086|3.0356516536397193|0.31254748814160255|0.005798363592100397|-0.005454218647500458|-0.001397850955888611|0.9999673377122394|
26.679795064130555|3.0363265358834775|0.3035221518032008|0.007055492604447149|-0.005325826460092834|-0.003614091673088281|0.9999543959291363|
26.77338785404821|3.022374280112288|0.3091377826502793|0.00681860279146303|-0.0050469169722499275|-0.004401891766888733|0.9999543282740067|
26.882119727329723|3.026496677736216|0.3097790261269576|0.004285268891733418|-0.006083044853913421|-0.0059206097431310665|0.9999547886860188|
26.993756347800414|3.0218087487102423|0.30750283816737084|0.0033026709028857455|-0.007025685231250402|-0.007615253776553612|0.9999408682626476|
27.0944835274992|3.0132342906663316|0.30171361071259684|0.003194850526562766|-0.0071013948355861944|-0.008684257897441667|0.9999319710791694|
27.200818422710416|3.000483290202761|0.3048382568698607|0.001434684309302211|-0.007455599529361101|-0.009207670879998282|0.99992878472097|
27.315751200961458|2.999379352166099|0.3107957930041657|0.004892192887251296|-0.006080633223464738|-0.011287325420834498|0.9999058398835361|
27.421136160603176|2.988441958328416|0.31107315736828767|0.004210957665294179|-0.004312712300893597|-0.011833919531209734|0.999911809459554|
27.52588839646325|2.978055123053026|0.30631958520214564|0.004411275153876714|-0.006097971954519217|-0.011872416106351988|0.9999011956815319|
27.63552794185454|2.980219542083569|0.311186089770945|0.006273038069129508|-0.007410430139825966|-0.009410753445127328|0.9999085819404294|
27.735084544233505|2.9726711036525915|0.315629649613715|0.007572503818109866|-0.007959771053255365|-0.005839318196580155|0.9999225978013014|
27.832916313310587|2.9861801848867113|0.30619585259120136|0.005692962750222413|-0.008371601141068058|-0.005376451141247476|0.9999342979629137|
27.940679417919235|2.9831432825892743|0.3113311870254215|0.002908630534361908|-0.00928372775876308|-0.004930191534691795|0.9999405209704958|
28.057142712409917|2.978052407052091|0.31850827891721656|0.003125692814099366|-0.009526323673995519|-0.004953101868131765|0.9999374710368514|
28.16389110683796|2.965374138978427|0.31633021413412954|0.005382418467389324|-0.009167543940883994|-0.004266583521051212|0.9999343888348835|
28.253867366023236|2.967565990573282|0.3273930874817926|0.007448975652634112|-0.008356916429781145|-0.0041458924477165504|0.9999287406037113|
28.356464049360184|2.9670697864822166|0.3331309188711452|0.0028374444717612817|-0.009013373702967597|-0.00410445324947597|0.9999469293251929|
28.47155395632336|2.9619881031844852|0.3348061989056035|0.00348368980468048|-0.009328058969097766|-0.0029523077502701784|0.9999460660956474|
28.569770630646573|2.961396350554767|0.32771365808680314|0.0033799660156462767|-0.009881200456875152|-0.002061212070971608|0.9999433429510208|
28.66905561442404|2.9609625571062366|0.3328427351900435|0.005613597823165981|-0.009194070480302892|-0.0012383283240558131|0.9999412098370811|
28.77014560346905|2.958180013119835|0.3296123807390269|0.005329729688986067|-0.009100082946397909|-0.00038667830073395987|0.9999443149254374|
28.874666448752468|2.9524086872652666|0.3131847040929836|0.0018234627157547188|-0.009989953402747095|0.001559119116663074|0.9999472210883511|
28.962223265257652|2.9648132284198057|0.32538587867623503|0.0027879223984405106|-0.010568948908616885|0.0031939780577419103|0.9999351595537751|
29.056811321550644|2.9585277441454494|0.3340991356439564|0.004877791149757309|-0.009456653087464396|0.006194491196312921|0.9999242006995844|
29.168388660072335|2.957824086648497|0.33504591696688446|0.002793130665952084|-0.008670724509645162|0.008844137868566448|0.999919395842946|
29.279840717955093|2.942895968076361|0.325713966299831|-1.470008793529681e-05|-0.009385273328937849|0.01249089752550553|0.9998779395043456|
29.382395645752165|2.9471003374682834|0.3237864131807467|-0.0037854960177192685|-0.009617759549238674|0.014836785804848386|0.9998365058889048|
29.475194119757944|2.952475139953841|0.34810033990510936|-0.001764515308014016|-0.007645471754769096|0.017125905675023218|0.9998225525572947|
29.595069109011426|2.953233400454464|0.35390736632901854|-0.00647966150974169|-0.0084350210747248|0.020117833498695947|0.9997410350593329|
29.69647817389655|2.9564957483958336|0.3660121336204342|-0.008924537343487748|-0.009258834732435045|0.022168806514988097|0.9996715313693312|
29.787894030624365|2.9715589814516554|0.3512785234067392|-0.004044359542056574|-0.009702370091623608|0.0241495834367063|0.9996530922226635|
29.89770146988723|2.976597413712133|0.36570280415412076|-0.0049421017619165316|-0.009558491117914313|0.02689906097053922|0.9995802375980767|
30.00165049972046|2.980642645079419|0.33565412528250627|0.0009206819406138238|-0.01208935530171562|0.029388062018494098|0.9994945430786256|
30.092060748903087|2.984889753769731|0.3339863270684517|0.0015609362081595835|-0.013130824641407145|0.03171087925703182|0.9994096082483581|
30.207188514805285|2.982904818223691|0.34894350681463093|-0.0010630233840182993|-0.01325485788809883|0.03420145714563628|0.9993264927203553|
30.315937174965434|2.9863149956420707|0.338029474575105|-0.0008655339318576615|-0.014477219618488375|0.034251234544555025|0.9993080175277813|
30.43774925656958|2.9829055738534356|0.3291846238724963|0.00481346602449357|-0.013887186335636344|0.03518176738589987|0.9992728455452565|
30.5339704026606|2.999488682794316|0.33135446576321725|0.004434690194976338|-0.013839526821919126|0.03453369331089869|0.9992978660272065|
30.635499852826136|2.9998357825778244|0.34343086409603096|0.0042526922788777176|-0.013213045867862837|0.03493579585236663|0.9992931602865281|
30.7491465718111|3.0079422580978386|0.33627649205309934|-0.0002451136704753245|-0.013217924026224593|0.03456240294655169|0.9993150988083219|
30.85451119696642|3.0075561825601818|0.33628582073173|0.0016200234862159407|-0.013364138708786326|0.035413459240882|0.9992820734032359|
30.957508147797547|3.0144192164764108|0.3533410594459665|0.0018599963456853398|-0.011498527906255492|0.03536232678322562|0.9993066747070487|
31.045950250042686|3.026995079231602|0.3563796382266374|0.003539920313904969|-0.008844429978340564|0.034585443978786774|0.99935633889385|
31.148688560401165|3.030836951270357|0.3611252423469284|0.006185112523123658|-0.004203169762160319|0.03424374935006317|0.9993855329038323|
31.270431832192344|3.0337514186981407|0.37643019361585295|0.007861161663917185|-0.0020833603072815993|0.03420849441566763|0.9993816291372066|
31.38079764525859|3.034986619071046|0.3563328149030927|0.009442856100313387|-0.0023670439150475083|0.033784640014968774|0.9993817227020075|
31.487475353688925|3.0324388735079735|0.36818990494429327|0.0069289959849578074|-0.003151047552232561|0.03305022545592513|0.9994247057739148|
31.593673796468316|3.0433900102584808|0.3671534168525194|0.0056292426674786145|-0.0036614537380529224|0.03239229100685387|0.9994526726498073|
31.7040699958291|3.050932603269868|0.38195522448868824|0.005397808027932801|-0.0023108930943079946|0.03158422045382234|0.9994838470230144|
31.80500581009432|3.049114500320616|0.3769855347778282|0.005231503759488097|-0.003054259734948818|0.03167138006460561|0.9994799780639375|
31.918169762843135|3.053038917943432|0.38492431774785607|0.00577533964409291|-0.0036634016139263335|0.03152495895645829|0.9994795655256807|
32.025819932911126|3.04991416654559|0.379053666396931|0.003238025807287344|-0.006535659173513493|0.03125267250944488|0.9994849027419352|
32.13402085261438|3.053048159337318|0.3915929874774926|0.0024628999336978705|-0.006222642397012652|0.030471132933501528|0.9995132429854363|
32.24084794627923|3.05046322045987|0.3826609308657908|0.0033722725842034854|-0.007437734486994292|0.030226998303174706|0.999509698030439|
32.35649311885143|3.050794974351927|0.40446216117914546|-0.00037942993718157874|-0.005343852661645327|0.028720007867942775|0.9995731391047473|
32.462402976537724|3.0509714553262675|0.39803944120747986|0.0025386851273505586|-0.0055392740032201215|0.02518321090112285|0.9996642823518559|
32.55896886397281|3.0619402241763276|0.3983343049437305|0.0020915834086383126|-0.00605143116143815|0.02183101279393893|0.9997411726742748|
32.670072331331106|3.0621962922179353|0.4159297027873063|-0.0004363246340274304|-0.007450483996090873|0.02072556927460808|0.999757345903135|
32.772480723107805|3.061735272209791|0.4417456474432754|-0.004893553397706575|-0.007783834049481512|0.01901843197210287|0.9997768572576363|
32.88688299123736|3.062464890543735|0.38851724420782024|0.0021289199625409007|-0.00956153397680255|0.018015380163235877|0.9997897233145469|
32.981553253551134|3.0521544227274915|0.41484671934205997|0.0004434320194189001|-0.007465758625548274|0.017217233530536745|0.9998238008197968|
33.090578232666545|3.049944120348434|0.4398870211470432|-0.00202946794697867|-0.006400662982207873|0.01530132711779339|0.9998603813341514|
33.20615000206479|3.047433342553234|0.42964770553123943|-0.0018507691089391118|-0.0071612872520702715|0.012521202875711682|0.9998942494569831|
33.313924364192715|3.046413522820682|0.4278480607854676|-0.004199887766314478|-0.009785472171094607|0.009733303977105617|0.9998959287199988|
33.42319502786424|3.044885726165115|0.4241300189035329|-0.0013808570171414177|-0.00979043176445058|0.008260720044182449|0.9999169971473207|
33.52237948810211|3.0411159342245355|0.4180338856019026|0.0007163301190921336|-0.0076111970351640254|0.00747981102515816|0.9999428028531834|
33.62367874419457|3.0410537898147942|0.41004920894366853|0.003384328017854616|-0.005772377530809727|0.006759198877303443|0.9999547685830823|
33.73823986364805|3.0366940276852383|0.4397300341003029|2.9461027290030087e-05|-0.007025077299387495|0.006137411684715096|0.9999564888527889|
33.832370626246124|3.033647928486631|0.43714266535039226|0.0011713589982085212|-0.009316624799802354|0.004828413329784969|0.9999442558688729|
33.956272356254246|3.024868129118578|0.3976997586321773|0.007760063186904455|-0.015119912699457047|0.0045762322366616264|0.9998451018821927|
34.063585103709876|3.023252095283165|0.39840011799400615|0.009011178429006048|-0.018070866524000674|0.0037204225723873378|0.9997891782282278|
34.17934929566661|3.026413643660533|0.4222426908764972|0.0062994576922896775|-0.017740626644493687|0.0005964887391158632|0.9998225998647103|
34.29688234661194|3.0232938317657485|0.4332225563625209|0.00689048891975482|-0.018015432204332913|-0.0006921185873617301|0.9998137258193645|
34.410740603556754|3.0192019665914627|0.4213617026702258|0.006710152534941461|-0.019338108305606977|-0.0018893772375632367|0.9997886985127277|
34.501239243436636|3.014025695209225|0.44213730926816897|0.004162451547130163|-0.01920280236872698|-0.003115998187991967|0.9998020888823935|
34.61323518959358|3.0116880326164974|0.4261961720512047|0.006370613654972353|-0.021324282487081393|-0.004264992201357183|0.9997432170810626|
34.71853817105063|3.00515983330694|0.4475235614718566|0.006157657303340701|-0.020863748208019155|-0.005856633608730134|0.9997462113506707|
34.78739462587443|3.0010599967102074|0.42018173210212795|0.007132559220031016|-0.025381159643346606|-0.006945141813293958|0.9996282750799541|
34.9023789160152|2.987175750756112|0.421341161675045|0.013200528692551425|-0.024541678590901908|-0.005828554761663188|0.9995946578506548|
35.010657855857616|2.9784542394458646|0.43125576419878897|0.019304794039555536|-0.023854858386191658|-0.005080193516866315|0.9995161140733532|
35.107193332496706|2.9800532847566807|0.4331279790599991|0.004214217668500442|-0.02537850488323068|-0.0068730303390010065|0.9996454037874094|
35.21909607794831|2.9773685714465334|0.40061580918380935|-0.005925002107142433|-0.030024319567533576|-0.008196678721078352|0.9994979985184963|
35.317469298003246|2.9746512935305|0.3829617856996487|-0.003831619195613894|-0.030777538434471514|-0.007936724673909915|0.999487403734387|
35.41626204155659|2.9569701919726867|0.393391740554672|0.014952668649125957|-0.027536783953133036|-0.00624040890417321|0.9994894699427789|
35.52854783054933|2.9660565734948645|0.39546395626423203|0.027134417917553052|-0.027600378030566208|-0.006328406861990198|0.9992306509327237|
35.63502570595901|2.9508856956780773|0.4152797194958335|0.019166535573030285|-0.02796538464988731|-0.0029288753456216724|0.9994208337155682|
35.73664448614309|2.9664253158620038|0.4104083874896439|0.012978169315773534|-0.027847706393850195|-0.0016251634366811591|0.9995266035547116|
35.83061310474964|2.943023756831195|0.4253786430987345|0.0018783261303863341|-0.0272820192379643|0.00187733239633857|0.9996242488757068|
35.939183932600486|2.962676451842869|0.4360564198733261|-0.012663701367072592|-0.02313629366689132|0.002249773692065848|0.9996495791533047|
36.03914883535883|2.9597984731835103|0.4868171593455635|-0.02736271339364111|-0.01577021523643781|0.0037140155553395354|0.9994942662744938|
36.13998868611358|2.9509248529614505|0.5442511545868599|-0.036817043369350086|-0.01114595889681689|0.0044892206366191146|0.9992497784917874|
36.25348758795992|2.940142167922332|0.5068768409834428|-0.033853420194636115|-0.014212421490223824|0.0048613883102771125|0.9993139246103832|
36.34650061903431|2.9383268031140672|0.5420770376622762|-0.03693494548763581|-0.0136195884184397|0.004075164520659531|0.9992165479250569|
36.466508059705255|2.9425072647633876|0.5228993295916465|-0.03300723660430353|-0.016316687253140453|0.0044028492299436174|0.9993122149596141|
36.57165663855402|2.9310633137165882|0.5257162182686611|-0.034114610467210454|-0.016915671773226185|0.005200981834635408|0.9992612287030284|
36.66016119763347|2.930965586576447|0.5212584378126317|-0.03688219700044945|-0.017332340509401554|0.005752455180935313|0.9991527424654738|
36.75250386362309|2.933083573279773|0.5298913651425973|-0.038213035157477385|-0.014667178209195478|0.0037084020269115997|0.9991550858509606|
36.86184553559491|2.92157407751617|0.5455224587090458|-0.033238336133035805|-0.011788660905576946|0.005824464153066486|0.9993609538612611|
36.97140966513711|2.924772308970356|0.548105282763884|-0.030384471821242705|-0.009986806044721745|0.004925012337226095|0.9994762587628823|
37.06182246442714|2.9232234079691755|0.5532974537251197|-0.029801478895292815|-0.008878914657156334|0.004454323583959498|0.9995064760828584|
37.1602892466666|2.928607158597097|0.5643757394750206|-0.029882567983186385|-0.0089360787621575|0.00403207032935066|0.9995053381728115|
37.269506571872945|2.9159772167215765|0.5546746428278376|-0.027754889493177004|-0.009819734819225151|0.005690065838564857|0.9995503299324424|
37.37658584586877|2.9082476761285645|0.5709349309738453|-0.0387939878526673|-0.010487011505317044|0.005774458635036544|0.9991755124719816|
37.47402182739594|2.910584743433007|0.579276890981151|-0.03778209912107325|-0.007316732411551418|0.0061502928100853746|0.9992402875741023|
37.58174744796464|2.9072214953550737|0.5716563709885019|-0.043797187814833244|-0.009044309771064378|0.006272466907857281|0.9989798110868744|
37.67435495232542|2.9131558710560834|0.6009914762571091|-0.04656961115346763|-0.00882117849671901|0.004969860506651309|0.998863733756256|
37.775735406662065|2.88957585023767|0.5874266449647069|-0.04372514543902125|-0.008307154786716042|0.006952411336254844|0.9989848681598222|
37.8755717774518|2.906742548066446|0.6092818734118396|-0.0531572158491647|-0.008563671482949255|0.004206631715876618|0.9985405741298168|
37.959289660306055|2.8528349294293087|0.6359135592827451|-0.05492647186620455|-0.006713031489297804|0.01109456351196046|0.9984061941700048|
38.0392501639858|2.7999212626497374|0.6690809671909209|-0.06027412517382693|-0.0024127963298301667|0.018902150538499026|0.9979999583934963|
38.11785568262845|2.7692371288362865|0.6897233001822451|-0.06064188182252877|-0.00041489886502385146|0.02584006753739408|0.9978249751021553|
38.15395343254156|2.7695815318446244|0.6661329478967973|-0.048849410547112504|-0.002709965682892017|0.024613068092236432|0.9984991677784634|
38.20920356238378|2.7724491901812045|0.6064006601900456|-0.04210930080544933|-0.008240415462932747|0.023475039376480576|0.9988031962628808|
38.22192096459559|2.7603128071545076|0.6179733251555568|-0.0437974769502287|-0.0050879221816242754|0.025397237655172593|0.9987045981571107|
38.2087458711584|2.760003926469416|0.6566481122922843|-0.05105023789191468|-0.002468817116010321|0.026147128907509757|0.9983506927944311|
38.197629778874145|2.780222069980676|0.6389139381209858|-0.04345893375319466|-0.004509379878541388|0.02404048999565546|0.9987557466222239|
38.19913646290654|2.766641870574583|0.5945510652141586|-0.033825914540546356|-0.00882121063601245|0.026598244807089843|0.9990347977531078|
38.203581567798786|2.756723723392306|0.5793590344578061|-0.030635929756350787|-0.010144384175626136|0.02700228511702284|0.9991143117161925|
38.19767685349248|2.76210648623726|0.5967837162499489|-0.03417737876683668|-0.0075639687240755685|0.026992627727428976|0.9990225679163302|
38.19328589209131|2.7618347028222985|0.6090147585583446|-0.03579840547544917|-0.003831856397708963|0.02564387123994872|0.9990226138130165|
38.19129626250156|2.768430870285901|0.5911839539937307|-0.029324454816443874|-0.0038597280554474433|0.02433425646097433|0.9992662422055235|
38.18691697016989|2.7639375780464945|0.580117682869618|-0.02538088894918792|-0.005783247616092008|0.024438577177412962|0.9993623569400157|
38.191454272054614|2.7601807590800203|0.626287754917741|-0.038751130307140294|-0.0047516247474874655|0.025785398547995386|0.9989048429074207|
38.20230642224062|2.755542338972728|0.6262170948273831|-0.04498480588017812|-0.004269038457422567|0.027161675609616135|0.9986092258379404|
38.19718635581978|2.7579781551030993|0.6133590150141744|-0.04205169160103185|-0.005276498479961172|0.026447294114562633|0.9987513977118135|
38.19569176685035|2.7473649686594936|0.6079138562419681|-0.03695231966461436|-0.004392558537248244|0.02727515922439907|0.9989350815694608|
38.18831540526611|2.762679551911907|0.6122994394773338|-0.03816820375528691|-0.004317059777033943|0.02492281654812358|0.9989511521752625|
38.20045456402334|2.762858682206526|0.614606174081251|-0.03701377437820444|-0.005583251869997703|0.026270985699979904|0.9989537742634477|
38.19842725915046|2.7590216954112186|0.6064566990901432|-0.03542477709590123|-0.006908225490932755|0.02702584957953011|0.9989829653416402|
38.19086912249102|2.754552784191416|0.6150964407946519|-0.03819793803931172|-0.006111867331136215|0.026335366398279193|0.9989044053781823|
38.20380501073406|2.7554793548493817|0.6192616986810715|-0.04445269804848321|-0.005027797926699269|0.02702512259594007|0.9986332267819316|
38.19496645761133|2.758122832046175|0.6148485713499228|-0.04236383841402129|-0.0041383164466698204|0.02600444251581459|0.9987551994864707|
38.18561352361802|2.768669245751961|0.600740142425419|-0.03201960794553799|-0.0030193611530835696|0.023931864784299317|0.9991961238982|
38.190722443031774|2.7730584551337047|0.6032445505616599|-0.030254654733521683|-0.002077071982966277|0.02385072649464917|0.9992554650761787|
38.186670534179875|2.7702229154502827|0.5974625087495603|-0.02988983082813368|-0.00456940365871477|0.024241960095803417|0.9992487407717777|
38.19575090148966|2.754711980931086|0.5960212796765841|-0.0321317041954276|-0.007685166111698475|0.02736944666085808|0.9990792787345816|
38.1937980472007|2.7659197505094735|0.6002664299108853|-0.03903627133819664|-0.008289612204420375|0.025664358292090537|0.9988737620755521|
38.193076860036065|2.7537143737358587|0.6151676316194123|-0.038985366116961545|-0.00559882435521031|0.02741482868819002|0.9988479471684181|
38.191764831860496|2.757167689615252|0.6362260649197862|-0.03910596038238664|-0.0021332276421898158|0.026873455814300153|0.9988713583715347|
38.1876249253485|2.7655975682051106|0.6112225918254902|-0.03647448072252461|-0.004354247098920893|0.02542761734998336|0.9990015460769448|
38.194803036628365|2.757938308417815|0.5905146254077879|-0.03260403492916408|-0.005776143354154244|0.02661627617190214|0.9990971859218859|
38.190939346484875|2.761645584707875|0.5880843057176859|-0.030417257075209387|-0.005566637696621518|0.026552096752661125|0.9991690493479131|
38.19047996985493|2.7594136434727665|0.584103791944198|-0.02598127314894252|-0.005143040665184744|0.026466609209712427|0.9992987747291683|
38.18521352691006|2.7738640834483985|0.6087897605793987|-0.03355940446936722|-0.005554310742041533|0.023921495793449134|0.9991349648785427|
38.206385706436414|2.761094133287527|0.6098144355098081|-0.039779723793057525|-0.006046182237459432|0.026187889104188063|0.9988469410873552|
38.19377599583485|2.7623257317916283|0.6031948096517371|-0.03820802778310055|-0.006525755486505114|0.02629590198206404|0.9989024410157408|
38.19401601919249|2.758866938613749|0.608493134747618|-0.035265950623997074|-0.00604988504572982|0.02678056137250856|0.9990007573320918|
38.19976259550719|2.7604314289033995|0.627014188714539|-0.043037207596578426|-0.0036752210915218944|0.02683918810696933|0.998706137707172|
38.20219563704701|2.7525648314348024|0.6159021403893691|-0.0436075547051571|-0.00450506883817705|0.027106213632355273|0.9986707859499634|
38.19679751729651|2.765632926360594|0.6260369767979397|-0.04179302898366939|-0.004208004299824493|0.026066608026792074|0.9987773362337375|
38.19988967552224|2.759189229170439|0.6187791010928115|-0.03776143282917588|-0.0047447187973333246|0.02655312454466591|0.9989226663817059|
38.19073692262683|2.7646480079629456|0.6004788491390963|-0.03368332273279003|-0.005073658068429021|0.02563740161790901|0.9990907943734474|
38.1885140804378|2.7602903620995676|0.5912536279100358|-0.03424027792762912|-0.004334010165991009|0.0254090310598023|0.9990811783153168|
38.19127683168003|2.7659254983150428|0.5963552761080162|-0.030685138557414803|-0.0032376868108193128|0.024202189569245268|0.9992308010043935|
38.19226379814294|2.7729271781978064|0.5861556274653943|-0.027390390183330317|-0.003667033553974586|0.023908086670490408|0.9993321383715603|
38.19340831990652|2.7676853292631045|0.5968281595138389|-0.026539790679418068|-0.0029788952423650183|0.02413109432687155|0.9993520180499041|
38.190347969707645|2.7631305118995644|0.5823523710859076|-0.027951732813290678|-0.005168431064276288|0.025264941797945643|0.999276573661674|
38.18874086220578|2.7645400977318055|0.6200478947257414|-0.03830887528983036|-0.0027739064423905474|0.025346082578943805|0.9989405946376285|
38.198871442964766|2.748139825039619|0.6386467170232398|-0.04616622864630532|-0.0026042668317920806|0.0281584664712558|0.9985334235231352|
38.19002372898205|2.75861496010135|0.6175552965585579|-0.04307854296530999|-0.005002864283554729|0.026298574614883972|0.9987129695053385|
38.19704791184712|2.7637016966734396|0.5976392544997124|-0.03577268885310882|-0.006276856370107472|0.02574778925586026|0.9990084920333576|
38.18436349124296|2.770206207857556|0.6014804526982058|-0.03372184454715145|-0.006303117496343191|0.02541869086462142|0.9990880832363549|
38.184426258500885|2.7641511281548046|0.6121593604242321|-0.035937726078680655|-0.006126896889726049|0.026425917592885238|0.9989857916197659|
38.19581762201134|2.7594317752075233|0.6038660872108434|-0.0369664278565081|-0.007435337349562035|0.027083186243180752|0.9989217687051101|
38.18801546424852|2.7598392159639293|0.5935206041605742|-0.03208263256304975|-0.007482923150255297|0.02648468397875075|0.9991062366252637|
38.191228380116826|2.755156045051729|0.5894481725662902|-0.029874555768291|-0.007475990397908411|0.027703346926011833|0.9991417041913097|
38.186380094306394|2.7586435076584377|0.5839299138851061|-0.026751759674031303|-0.007479694511735594|0.027370447337110405|0.9992393387657035|
38.18908019533143|2.763204590951977|0.5970607658195741|-0.02991067705288196|-0.007096652033287681|0.026697412129152203|0.9991707747496236|
38.18980553713309|2.7583537288665374|0.6030339460449872|-0.03478606496099724|-0.007185897761774854|0.02630593242077132|0.9990226676494185|
38.197619922927224|2.767046456098982|0.6130126350908204|-0.04179845870286676|-0.004175999930873113|0.025065416489836647|0.9988028708262869|
38.19044024279373|2.7636812216137296|0.575709572724785|-0.03122204463690068|-0.0029403080149982236|0.024243948809238636|0.9992140758934508|
38.20090642106388|2.7673479728261614|0.5853284476812782|-0.02531568261565373|-0.00027787880160566825|0.024625950632457913|0.9993761061544962|
38.20396141645315|2.7710259520725833|0.5748315653275305|-0.02383282043632388|9.820007589398028e-05|0.02483705434491804|0.9994073782788792|
38.19516137503336|2.7745387442613962|0.5907966283116953|-0.02522115068612763|0.0002621449498762621|0.024729078634720257|0.9993759540373035|
38.19149623966422|2.76140281536727|0.5993160067759977|-0.0329713076370051|-0.0028163675800416677|0.024521616116743895|0.9991514656394114|
38.19613937392152|2.7508694031728944|0.6150585751155696|-0.046504873457658795|-0.005064666990176724|0.026117482910233622|0.9985637300540208|
38.19956743001486|2.744145774930538|0.6111653456762058|-0.03896302404688784|-0.004293010065376458|0.028232553039554645|0.9988325063645899|
38.19108605805942|2.759219899258647|0.6083242819889401|-0.03499817075470878|-0.004186323129874202|0.02551581645468051|0.9990528243557135|
38.18981924163689|2.7652758711252665|0.5952915816479132|-0.02808449215188845|-0.0032486246083723294|0.02402211222521528|0.9993115859745464|
38.19493691298804|2.7643365002666824|0.6013915935040501|-0.03567785559680566|-0.002986885664934633|0.02420110019633224|0.9990658015783176|
38.19439400664162|2.766742693178769|0.5888220656610751|-0.03287932543674686|-0.0048295320754509746|0.024899748678661206|0.9991374420441346|
38.190987923728336|2.7626631308612617|0.6080274650908172|-0.03220227667193523|-0.005724326664091605|0.02595859081430534|0.9991278181615812|
38.202537805071096|2.75805239430049|0.5904765252983402|-0.03303428753237634|-0.00929066173909603|0.027282946932159834|0.9990385679533974|
38.19694869749099|2.7629597781679247|0.6062051871322655|-0.03468190833456555|-0.0074401669414620245|0.02640782358000464|0.9990217395051637|
38.19404890310707|2.764376428817|0.601072558821885|-0.03284427421688068|-0.007796167142771085|0.026414069733924284|0.9990809628599375|
38.202988452342126|2.7633463662158917|0.6144435736860162|-0.03878509146568611|-0.00644774337824891|0.026958802323763204|0.9988630367886252|
38.20277168575029|2.7694032689433064|0.6158424088545507|-0.043522414189126536|-0.005324492339404767|0.02575253197489408|0.9987062913296179|
38.19917718148709|2.7643540799356052|0.5923659607407539|-0.037983743414414795|-0.008506238051413446|0.025927337922788694|0.9989057274331136|
38.21175862504057|2.765177290536666|0.5825563096001479|-0.03306424808025545|-0.0113693209203001|0.02593798016610702|0.9990519081737451|
38.20467984383188|2.7607561420051248|0.5880513106119415|-0.03219602655888852|-0.009656307180686028|0.026822391866911707|0.999074937579754|
38.193094970354366|2.763822285483666|0.6066927842312649|-0.03534872666522595|-0.006268834679911394|0.026361032717751875|0.9990076402054976|
38.1897144514717|2.7598880226459923|0.6376121733116736|-0.04373599097327841|-0.003400045822127985|0.02520505930200105|0.9987193338308693|
38.19842151367755|2.7592014781709877|0.6370211370258058|-0.04458488665512765|-0.004054877456562429|0.026679500486596442|0.9986410516820083|
38.20212017587234|2.7463216676880973|0.637893447052242|-0.04453457075256678|-0.004719576454828472|0.02767341699561953|0.9986133283697739|
38.1955945252305|2.7506820528993035|0.6169435466201619|-0.04172206310558286|-0.004427063848859245|0.026985328480570114|0.9987549562343545|
38.176744519945416|2.76269135829138|0.6208629275856101|-0.037803223131768676|-0.0032083616128656335|0.025143767549095808|0.9989636698549393|
38.19402503574714|2.762171200857697|0.6012926527560222|-0.030111536392844068|-0.006395987247312908|0.025660232833504708|0.9991966468989599|
38.19707408322328|2.7613338800070117|0.5950791000150971|-0.031673840517095916|-0.007818667321562707|0.027071417982352183|0.9991009831826995|
38.19674009771256|2.760459030436027|0.6019196584310329|-0.035140066611569334|-0.007725223191683286|0.02707633846230978|0.9989856698374843|
38.18882115325314|2.7547469910197173|0.60377571639273|-0.03527057933505344|-0.006971850793269691|0.027414790369057567|0.9989773815251805|
38.192456878728564|2.764309160139121|0.6152503797611224|-0.04405651973457065|-0.0047696521470591575|0.025689829374087054|0.9986872914751662|
38.203021777111545|2.750524160074221|0.6131934450167086|-0.043382823301139656|-0.0046187084053465315|0.026805194187498906|0.99868817943323|
38.18460501461982|2.7688561619089724|0.6007572902817486|-0.033992840833541656|-0.0036230743479194363|0.024092252266385835|0.9991250789991547|
38.19426696793414|2.7663024992694836|0.6050154426423682|-0.03090163529648189|-0.002875844235076205|0.024484819685748335|0.9992183505425102|
38.197319296795726|2.7690632211227317|0.5881616135862628|-0.029293182677681134|-0.003387447695532107|0.02408872934297784|0.9992748209403473|
38.200946057505924|2.756650739743154|0.585091979521016|-0.02619416590507111|-0.003413496310352772|0.024992671399639663|0.9993385713019322|
38.19628894862465|2.7582020802381426|0.5949598633651195|-0.030808781992172112|-0.0038534621052470817|0.02510595426302636|0.9992025124280386|
38.18976941144953|2.7609853869970946|0.6090052083670774|-0.036560969028538316|-0.005459290564159789|0.02508477447997271|0.9990016245129532|
38.200180883264586|2.752387741058899|0.6115633611132102|-0.04070419980618768|-0.005871532282694501|0.027273872145356075|0.9987816724014266|
38.2059070003979|2.7387761712661685|0.6371042207278865|-0.04558773902521216|-0.004533984184744118|0.028556896985422967|0.9985417891468267|
38.19266148023642|2.7560203881090746|0.614698876245956|-0.04091368734315189|-0.0049048418403741505|0.026035537090465397|0.998811375347177|
38.19483353911691|2.750223265887678|0.6321002102675756|-0.04373211020125868|-0.0044212637782145995|0.026809368811661686|0.9986737268537049|
38.19475043455971|2.7542571337766675|0.6134481116107079|-0.04013541703510195|-0.0037678642121403987|0.02654530206722536|0.9988344699883247|
38.18773402505426|2.7648784213012165|0.6017760222636657|-0.029741624753004268|-0.0036630130360797964|0.024523722208672633|0.9992500213367931|
38.19065209797709|2.7671463714085145|0.5887986976014246|-0.02452407577315176|-0.005325814735122411|0.024670208723421717|0.9993806012758216|
38.19783170428084|2.7662279190901726|0.6047470725177183|-0.035261969427697874|-0.008163504705985898|0.02593064461512121|0.9990082844365402|
38.195028346835294|2.75910116419079|0.6018919758142319|-0.03779461689292449|-0.00733933572587502|0.026745383579770517|0.9989005884181819|
38.1971621172584|2.752610206350406|0.6261293007980943|-0.04166514702894746|-0.004527719246024167|0.026304141285436983|0.9987750534693591|
38.19557522039074|2.7570400558499752|0.6318102256822657|-0.04557509510117393|-0.00382028997610897|0.026348527968880566|0.998606064053734|
38.1937442410058|2.7609474283329107|0.6218914201324175|-0.04199700889671552|-0.004941598770273514|0.025379571406228495|0.9987831141947481|
38.189874426053855|2.7601216638880817|0.6082009115709137|-0.03665297003700101|-0.0063653925164553525|0.02634533518608375|0.9989604420994416|
38.19567314092346|2.760335503945564|0.6111719655208644|-0.03599981190405884|-0.0065182930422472|0.02635824906811188|0.9989828667723741|
38.192659156379605|2.76071337623869|0.6011764331395342|-0.03433450684625816|-0.007291549770147346|0.02620812767645895|0.9990400937826607|
38.19448281157697|2.764484943380141|0.5926373186008262|-0.028830048341183752|-0.007662781802428178|0.026638715196045902|0.9991999244097236|
38.18484748679697|2.7595308934365286|0.607486089915609|-0.03553543040908152|-0.006560121039547132|0.02695308151360171|0.9989833479065147|
38.19899162279094|2.7609932121783523|0.630753636898674|-0.04250391454660789|-0.005433981301894224|0.02696129493814122|0.9987176666459262|
38.20236584317776|2.7523058020594764|0.6322680397944438|-0.04441605503444907|-0.004153006406886197|0.02730591491386341|0.9986312400499386|
38.19945445552888|2.7534403599412074|0.6180603124651576|-0.03949517684472007|-0.0032876170488855714|0.027039950746604178|0.9988484187521975|
38.188211705738325|2.763356165183528|0.5918886881634886|-0.03140482231693503|-0.0029659961758405507|0.024097356574795167|0.9992118180886537|
38.192620945730795|2.773123460188446|0.6077678730047018|-0.032343968080160934|-0.0037849692585908883|0.023466602405118806|0.9991941054210143|
38.18918177826963|2.7623542801414946|0.6152708363985231|-0.0350323811540404|-0.0053029575619288555|0.02608680387166469|0.9990315758651153|
38.196415934295864|2.7576319691575457|0.5967111270828436|-0.03185344882260576|-0.008176272735991343|0.02775367264130818|0.9990736909843895|
38.20071975402568|2.7586175147733973|0.6102458727102112|-0.03530609302150455|-0.006375760135003884|0.027254410895244566|0.9989844976600044|
38.192997493957996|2.757449332074921|0.6183881612878234|-0.038507292629196256|-0.005701682656147078|0.026281373231825583|0.998896375331449|
38.19241932514914|2.75351324429239|0.6178885083203463|-0.04004216353435782|-0.0037586541796501183|0.02667765148658421|0.998834721347534|
38.19390736524389|2.767257179733008|0.6261014218726276|-0.03880796806941996|-0.003169891082960417|0.0255119715053659|0.9989159287521417|
38.19710659614385|2.7739557822868|0.6114438749328651|-0.03560168864820615|-0.004603479976419893|0.024516829796729606|0.9990546795817639|
38.19327986889443|2.76774183666671|0.6030296592169331|-0.034184218029090725|-0.007519644464931753|0.025427976611846436|0.9990637177829488|
38.19576778119451|2.7619461181561076|0.6020059087096529|-0.033336841597722114|-0.007119717378902864|0.026769445472857808|0.9990602391276556|
38.179333254234955|2.7642567764692587|0.599413657714963|-0.0324093167289665|-0.006579842714176805|0.026169685876428473|0.9991103489605876|
38.20075452635091|2.7470843847556887|0.6180914568404317|-0.036491779890056183|-0.004235084013234457|0.028234561117536312|0.9989260351108865|
38.19808917237853|2.7727126015099732|0.6293419129509243|-0.04138810392874243|-0.002709541092856915|0.02468840436822685|0.9988344036575842|
38.193112236432576|2.7717670652422797|0.5998383727096783|-0.037280213384092355|-0.004456177429000955|0.02459420618843576|0.9989922187858715|
38.19074874093396|2.7587900351605543|0.5898414315479494|-0.028371522389389836|-0.004970008068576199|0.025190135884313215|0.999267638218729|
38.191464556122796|2.74917926189348|0.5935458152077612|-0.02691037640622916|-0.005761191708522672|0.02660680801235363|0.9992670904613873|
38.18956192311215|2.7635190863930044|0.5989390418190157|-0.0332462850171186|-0.0067436081209384|0.026015839276064146|0.9990857742900924|
38.19741458245484|2.760949213338496|0.6005000945166349|-0.03363680778018151|-0.007935337332962615|0.026313367711033646|0.9990561557107166|
38.19594999564024|2.756446887553448|0.6003617497563847|-0.034181390668861826|-0.007497454133507115|0.027729445509764444|0.9990027520308338|
38.20337726639857|2.7608788984773738|0.6312123035607928|-0.04325267586656829|-0.0049893638207376126|0.026384943252791677|0.9987032327216097|
38.19732457928234|2.7598829958800093|0.6095196139059463|-0.0394346419290605|-0.005940970993154217|0.02642352185667774|0.9988550502311507|
38.19127259146794|2.7662170343936734|0.5878943793538867|-0.032273074442051644|-0.006200057684423191|0.0246003208144755|0.9991570608100573|
